Info. Table
+------------------------------------+-------------------+
|               Metric               | Used Abbreviation |
+------------------------------------+-------------------+
|           Size Bit Array           |        Size       |
|          Number Of Hashes          |         k         |
| Theorical Optimal Number Of Hashes |     Optimal k     |
|           Max Rel. Error           |       MaxRE       |
|           Min Rel. Error           |       MinRE       |
|          Mean Rel. Error           |       MeanRE      |
|          Mean Abs. Error           |       MeanAE      |
|           Expected Value           |      ExpValue     |
|         Max Counter Value          |       MaxCV       |
|         Min Counter Value          |       MinCV       |
|         Mean Counter Value         |       MeanCV      |
|        Mean Abs. Deviation         |       MeanAD      |
|         Maximal Deviation          |         MD        |
|         Standard Deviation         |         SD        |
|              Variance              |      Variance     |
+------------------------------------+-------------------+

Analysis by inserted (book = "Lusíadas.txt")
+------+----+-----------+-------+-------+--------+---------+----------+-------+-------+---------+--------+--------+---------+-------------+
| Size | k  | Optimal k | MaxRE | MinRE | MeanRE |  MeanAE | ExpValue | MaxCV | MinCV |  MeanCV | MeanAD |   MD   |    SD   |   Variance  |
+------+----+-----------+-------+-------+--------+---------+----------+-------+-------+---------+--------+--------+---------+-------------+
|  2   | 1  |     2     |  0.29 |  0.27 |  0.28  | 3048.86 |  10780   |  7818 |  7646 | 7731.14 | 85.99  | 86.86  | 7731.62 | 59777920.96 |
|  2   | 2  |     2     |  0.33 |  0.20 |  0.25  | 2724.38 |  10780   |  8594 |  7199 | 8055.62 | 303.05 | 856.62 | 8065.72 | 65055846.65 |
|  2   | 3  |     2     |  0.25 |  0.18 |  0.21  | 2233.90 |  10780   |  8853 |  8055 | 8546.10 | 146.84 | 491.10 | 8548.22 | 73072044.35 |
|  2   | 4  |     2     |  0.24 |  0.20 |  0.21  | 2306.37 |  10780   |  8662 |  8187 | 8473.63 | 63.16  | 286.63 | 8474.01 | 71808894.70 |
|  2   | 5  |     2     |  0.25 |  0.23 |  0.24  | 2593.07 |  10780   |  8345 |  8060 | 8186.93 | 34.52  | 158.07 | 8187.04 | 67027686.55 |
|  2   | 6  |     2     |  0.29 |  0.26 |  0.27  | 2954.49 |  10780   |  7924 |  7702 | 7825.51 | 30.40  | 123.51 | 7825.60 | 61239952.38 |
|  2   | 7  |     2     |  0.32 |  0.30 |  0.31  | 3360.17 |  10780   |  7534 |  7277 | 7419.83 | 37.65  | 142.83 | 7419.97 | 55055974.42 |
|  2   | 8  |     2     |  0.36 |  0.34 |  0.35  | 3772.57 |  10780   |  7133 |  6874 | 7007.43 | 40.84  | 133.43 | 7007.61 | 49106619.50 |
|  2   | 9  |     2     |  0.40 |  0.37 |  0.39  | 4167.85 |  10780   |  6788 |  6473 | 6612.15 | 43.60  | 175.85 | 6612.36 | 43723318.32 |
|  2   | 10 |     2     |  0.43 |  0.41 |  0.42  | 4540.30 |  10780   |  6408 |  6100 | 6239.70 | 42.75  | 168.30 | 6239.92 | 38936647.61 |
|  2   | 11 |     2     |  0.46 |  0.44 |  0.45  | 4882.09 |  10780   |  6022 |  5773 | 5897.91 | 39.97  | 124.91 | 5898.11 | 34787720.74 |
|  2   | 12 |     2     |  0.49 |  0.47 |  0.48  | 5195.19 |  10780   |  5718 |  5464 | 5584.81 | 38.23  | 133.19 | 5585.00 | 31192203.76 |
+------+----+-----------+-------+-------+--------+---------+----------+-------+-------+---------+--------+--------+---------+-------------+

Analysis by statistical approximation (book = "Lusíadas.txt")
+------+----+-----------+-------+-------+--------+---------+----------+-------+-------+----------+--------+---------+----------+--------------+
| Size | k  | Optimal k | MaxRE | MinRE | MeanRE |  MeanAE | ExpValue | MaxCV | MinCV |  MeanCV  | MeanAD |    MD   |    SD    |   Variance   |
+------+----+-----------+-------+-------+--------+---------+----------+-------+-------+----------+--------+---------+----------+--------------+
|  2   | 1  |     2     |  0.12 |  0.10 |  0.11  | 1205.34 |  10780   |  9710 |  9442 | 9574.66  | 133.99 |  135.34 | 9575.60  | 91692068.32  |
|  2   | 2  |     2     |  0.36 |  0.11 |  0.23  | 2448.03 |  10780   |  9590 |  6934 | 8331.97  | 717.82 | 1397.97 | 8373.55  | 70116336.99  |
|  2   | 3  |     2     |  0.28 |  0.03 |  0.15  | 1648.89 |  10780   | 10508 |  7788 | 9131.10  | 622.88 | 1376.90 | 9161.71  | 83936977.47  |
|  2   | 4  |     2     |  0.23 |  0.00 |  0.11  | 1210.74 |  10780   | 10858 |  8276 | 9569.64  | 491.94 | 1293.64 | 9588.02  | 91930073.11  |
|  2   | 5  |     2     |  0.19 |  0.00 |  0.09  | 1017.86 |  10780   | 10910 |  8683 | 9764.06  | 433.31 | 1145.94 | 9778.03  | 95609815.59  |
|  2   | 6  |     2     |  0.17 |  0.00 |  0.08  |  832.01 |  10780   | 10974 |  8950 | 9950.09  | 360.14 | 1023.91 | 9959.73  | 99196185.73  |
|  2   | 7  |     2     |  0.15 |  0.00 |  0.07  |  721.03 |  10780   | 10996 |  9117 | 10062.29 | 336.19 |  945.29 | 10070.27 | 101410308.68 |
|  2   | 8  |     2     |  0.14 |  0.00 |  0.06  |  613.49 |  10780   | 11128 |  9299 | 10173.60 | 298.57 |  954.40 | 10180.05 | 103633380.82 |
|  2   | 9  |     2     |  0.13 |  0.00 |  0.05  |  549.97 |  10780   | 11176 |  9417 | 10241.99 | 274.72 |  934.01 | 10247.45 | 105010200.71 |
|  2   | 10 |     2     |  0.12 |  0.00 |  0.05  |  496.02 |  10780   | 11192 |  9509 | 10301.05 | 259.24 |  890.95 | 10305.88 | 106211242.90 |
|  2   | 11 |     2     |  0.11 |  0.00 |  0.04  |  475.45 |  10780   | 11600 |  9586 | 10324.37 | 244.10 | 1275.63 | 10328.79 | 106683819.92 |
|  2   | 12 |     2     |  0.11 |  0.00 |  0.04  |  450.63 |  10780   | 11301 |  9584 | 10357.99 | 251.11 |  943.01 | 10362.68 | 107385233.98 |
+------+----+-----------+-------+-------+--------+---------+----------+-------+-------+----------+--------+---------+----------+--------------+

Analysis by inserted (book = "Lusíadas.txt")
+------+----+-----------+-------+-------+--------+---------+----------+-------+-------+---------+--------+--------+---------+-------------+
| Size | k  | Optimal k | MaxRE | MinRE | MeanRE |  MeanAE | ExpValue | MaxCV | MinCV |  MeanCV | MeanAD |   MD   |    SD   |   Variance  |
+------+----+-----------+-------+-------+--------+---------+----------+-------+-------+---------+--------+--------+---------+-------------+
|  3   | 1  |     3     |  0.24 |  0.21 |  0.22  | 2412.10 |  10780   |  8510 |  8233 | 8367.90 | 138.41 | 142.10 | 8369.04 | 70040902.96 |
|  3   | 2  |     3     |  0.22 |  0.13 |  0.17  | 1828.85 |  10780   |  9389 |  8436 | 8951.15 | 279.73 | 515.15 | 8956.77 | 80223659.81 |
|  3   | 3  |     3     |  0.15 |  0.09 |  0.11  | 1220.57 |  10780   |  9858 |  9131 | 9559.43 | 140.76 | 428.43 | 9560.99 | 91412576.72 |
|  3   | 4  |     3     |  0.13 |  0.09 |  0.10  | 1119.27 |  10780   |  9856 |  9362 | 9660.73 | 74.29  | 298.73 | 9661.17 | 93338297.21 |
|  3   | 5  |     3     |  0.12 |  0.10 |  0.11  | 1185.53 |  10780   |  9717 |  9440 | 9594.47 | 42.98  | 154.47 | 9594.61 | 92056620.95 |
|  3   | 6  |     3     |  0.13 |  0.11 |  0.12  | 1331.57 |  10780   |  9563 |  9339 | 9448.43 | 29.24  | 114.57 | 9448.50 | 89274103.12 |
|  3   | 7  |     3     |  0.15 |  0.13 |  0.14  | 1535.92 |  10780   |  9325 |  9154 | 9244.08 | 24.65  | 90.08  | 9244.13 | 85453909.14 |
|  3   | 8  |     3     |  0.17 |  0.16 |  0.16  | 1777.99 |  10780   |  9105 |  8919 | 9002.01 | 24.66  | 102.99 | 9002.07 | 81037218.16 |
|  3   | 9  |     3     |  0.20 |  0.18 |  0.19  | 2049.57 |  10780   |  8837 |  8625 | 8730.43 | 27.05  | 106.57 | 8730.49 | 76221515.75 |
|  3   | 10 |     3     |  0.23 |  0.21 |  0.22  | 2336.93 |  10780   |  8565 |  8337 | 8443.07 | 30.38  | 121.93 | 8443.15 | 71286853.81 |
|  3   | 11 |     3     |  0.25 |  0.23 |  0.24  | 2636.07 |  10780   |  8268 |  8037 | 8143.94 | 33.26  | 124.06 | 8144.04 | 66325378.43 |
|  3   | 12 |     3     |  0.28 |  0.26 |  0.27  | 2932.67 |  10780   |  7953 |  7718 | 7847.33 | 32.40  | 129.33 | 7847.43 | 61582143.20 |
+------+----+-----------+-------+-------+--------+---------+----------+-------+-------+---------+--------+--------+---------+-------------+

Analysis by statistical approximation (book = "Lusíadas.txt")
+------+----+-----------+-------+-------+--------+---------+----------+-------+-------+----------+--------+---------+----------+--------------+
| Size | k  | Optimal k | MaxRE | MinRE | MeanRE |  MeanAE | ExpValue | MaxCV | MinCV |  MeanCV  | MeanAD |    MD   |    SD    |   Variance   |
+------+----+-----------+-------+-------+--------+---------+----------+-------+-------+----------+--------+---------+----------+--------------+
|  3   | 1  |     3     |  0.12 |  0.08 |  0.10  | 1096.35 |  10780   |  9875 |  9502 | 9683.65  | 186.37 |  191.35 | 9685.45  | 93807855.43  |
|  3   | 2  |     3     |  0.27 |  0.10 |  0.19  | 2055.98 |  10780   |  9676 |  7881 | 8724.02  | 584.97 |  951.98 | 8746.18  | 76495598.16  |
|  3   | 3  |     3     |  0.23 |  0.02 |  0.12  | 1346.20 |  10780   | 10594 |  8250 | 9433.80  | 514.47 | 1183.80 | 9452.92  | 89357670.85  |
|  3   | 4  |     3     |  0.20 |  0.00 |  0.09  | 1001.21 |  10780   | 10833 |  8605 | 9779.37  | 410.60 | 1174.37 | 9791.34  | 95870244.47  |
|  3   | 5  |     3     |  0.16 |  0.00 |  0.08  |  832.04 |  10780   | 10867 |  9024 | 9948.58  | 348.62 |  924.58 | 9957.08  | 99143378.01  |
|  3   | 6  |     3     |  0.14 |  0.00 |  0.06  |  691.07 |  10780   | 10903 |  9280 | 10090.13 | 299.26 |  812.87 | 10096.23 | 101933867.85 |
|  3   | 7  |     3     |  0.12 |  0.00 |  0.05  |  575.44 |  10780   | 10877 |  9487 | 10205.79 | 262.10 |  718.79 | 10210.44 | 104253103.88 |
|  3   | 8  |     3     |  0.11 |  0.00 |  0.05  |  521.74 |  10780   | 10901 |  9616 | 10259.30 | 234.55 |  643.30 | 10262.97 | 105328494.09 |
|  3   | 9  |     3     |  0.10 |  0.00 |  0.04  |  444.85 |  10780   | 10914 |  9754 | 10337.60 | 208.88 |  583.60 | 10340.59 | 106927785.53 |
|  3   | 10 |     3     |  0.09 |  0.00 |  0.04  |  421.07 |  10780   | 10919 |  9827 | 10362.47 | 188.18 |  556.53 | 10364.92 | 107431470.50 |
|  3   | 11 |     3     |  0.09 |  0.00 |  0.04  |  383.78 |  10780   | 11047 |  9838 | 10400.83 | 186.74 |  646.17 | 10403.22 | 108226973.96 |
|  3   | 12 |     3     |  0.09 |  0.00 |  0.03  |  355.21 |  10780   | 11024 |  9823 | 10428.44 | 164.45 |  605.44 | 10430.36 | 108792313.79 |
+------+----+-----------+-------+-------+--------+---------+----------+-------+-------+----------+--------+---------+----------+--------------+

Analysis by inserted (book = "Lusíadas.txt")
+------+----+-----------+-------+-------+--------+---------+----------+-------+-------+----------+--------+--------+----------+--------------+
| Size | k  | Optimal k | MaxRE | MinRE | MeanRE |  MeanAE | ExpValue | MaxCV | MinCV |  MeanCV  | MeanAD |   MD   |    SD    |   Variance   |
+------+----+-----------+-------+-------+--------+---------+----------+-------+-------+----------+--------+--------+----------+--------------+
|  5   | 1  |     4     |  0.18 |  0.17 |  0.17  | 1879.05 |  10780   |  8957 |  8839 | 8900.95  | 58.85  | 61.95  | 8901.15  | 79230383.20  |
|  5   | 2  |     4     |  0.12 |  0.08 |  0.09  | 1019.36 |  10780   |  9968 |  9485 | 9760.64  | 157.35 | 275.64 | 9762.18  | 95300111.66  |
|  5   | 3  |     4     |  0.07 |  0.03 |  0.05  |  493.87 |  10780   | 10440 | 10040 | 10286.13 | 84.70  | 246.13 | 10286.64 | 105814940.03 |
|  5   | 4  |     4     |  0.05 |  0.02 |  0.03  |  351.71 |  10780   | 10542 | 10268 | 10428.29 | 42.92  | 160.29 | 10428.42 | 108751974.00 |
|  5   | 5  |     4     |  0.04 |  0.02 |  0.03  |  311.26 |  10780   | 10553 | 10345 | 10468.74 | 27.55  | 123.74 | 10468.80 | 109595692.45 |
|  5   | 6  |     4     |  0.04 |  0.02 |  0.03  |  314.37 |  10780   | 10545 | 10378 | 10465.63 | 20.77  | 87.63  | 10465.66 | 109530101.89 |
|  5   | 7  |     4     |  0.04 |  0.02 |  0.03  |  340.38 |  10780   | 10513 | 10352 | 10439.62 | 17.12  | 87.62  | 10439.64 | 108986180.78 |
|  5   | 8  |     4     |  0.04 |  0.03 |  0.04  |  386.41 |  10780   | 10453 | 10324 | 10393.59 | 16.45  | 69.59  | 10393.61 | 108027094.64 |
|  5   | 9  |     4     |  0.05 |  0.04 |  0.04  |  447.78 |  10780   | 10391 | 10269 | 10332.22 | 15.94  | 63.22  | 10332.24 | 106755253.83 |
|  5   | 10 |     4     |  0.05 |  0.04 |  0.05  |  523.63 |  10780   | 10312 | 10193 | 10256.36 | 16.42  | 63.36  | 10256.39 | 105193436.53 |
|  5   | 11 |     4     |  0.06 |  0.05 |  0.06  |  614.90 |  10780   | 10234 | 10092 | 10165.10 | 16.82  | 73.10  | 10165.12 | 103329682.94 |
|  5   | 12 |     4     |  0.07 |  0.06 |  0.07  |  720.59 |  10780   | 10123 |  9986 | 10059.41 | 19.14  | 73.41  | 10059.44 | 101192292.52 |
+------+----+-----------+-------+-------+--------+---------+----------+-------+-------+----------+--------+--------+----------+--------------+

Analysis by statistical approximation (book = "Lusíadas.txt")
+------+----+-----------+-------+-------+--------+---------+----------+-------+-------+----------+--------+--------+----------+--------------+
| Size | k  | Optimal k | MaxRE | MinRE | MeanRE |  MeanAE | ExpValue | MaxCV | MinCV |  MeanCV  | MeanAD |   MD   |    SD    |   Variance   |
+------+----+-----------+-------+-------+--------+---------+----------+-------+-------+----------+--------+--------+----------+--------------+
|  5   | 1  |     4     |  0.10 |  0.09 |  0.10  | 1051.45 |  10780   |  9796 |  9654 | 9728.55  | 70.82  | 74.55  | 9728.81  | 94649713.50  |
|  5   | 2  |     4     |  0.19 |  0.10 |  0.14  | 1556.17 |  10780   |  9746 |  8697 | 9223.83  | 380.44 | 526.83 | 9232.17  | 85233042.31  |
|  5   | 3  |     4     |  0.16 |  0.03 |  0.09  | 1020.27 |  10780   | 10508 |  9022 | 9759.73  | 359.76 | 748.27 | 9768.45  | 95422604.85  |
|  5   | 4  |     4     |  0.15 |  0.00 |  0.07  |  771.76 |  10780   | 10831 |  9211 | 10008.44 | 287.77 | 822.56 | 10014.03 | 100280812.95 |
|  5   | 5  |     4     |  0.12 |  0.00 |  0.06  |  613.56 |  10780   | 10828 |  9458 | 10166.79 | 256.21 | 708.79 | 10171.15 | 103452213.57 |
|  5   | 6  |     4     |  0.10 |  0.00 |  0.05  |  526.15 |  10780   | 10860 |  9692 | 10254.68 | 214.75 | 605.32 | 10257.76 | 105221541.97 |
|  5   | 7  |     4     |  0.10 |  0.00 |  0.04  |  435.05 |  10780   | 10834 |  9732 | 10345.65 | 185.56 | 613.65 | 10347.99 | 107080883.99 |
|  5   | 8  |     4     |  0.08 |  0.00 |  0.04  |  397.45 |  10780   | 10854 |  9890 | 10383.49 | 167.00 | 493.49 | 10385.40 | 107856496.39 |
|  5   | 9  |     4     |  0.08 |  0.00 |  0.03  |  352.92 |  10780   | 10886 |  9924 | 10428.25 | 150.33 | 504.25 | 10429.83 | 108781322.26 |
|  5   | 10 |     4     |  0.07 |  0.00 |  0.03  |  320.30 |  10780   | 10934 | 10065 | 10461.00 | 136.62 | 473.00 | 10462.27 | 109459100.77 |
|  5   | 11 |     4     |  0.06 |  0.00 |  0.03  |  285.12 |  10780   | 10872 | 10120 | 10496.68 | 132.16 | 376.68 | 10497.87 | 110205293.59 |
|  5   | 12 |     4     |  0.06 |  0.00 |  0.02  |  261.54 |  10780   | 10878 | 10158 | 10519.88 | 115.44 | 361.88 | 10520.81 | 110687355.36 |
+------+----+-----------+-------+-------+--------+---------+----------+-------+-------+----------+--------+--------+----------+--------------+

Analysis by inserted (book = "Lusíadas.txt")
+------+----+-----------+-------+-------+--------+---------+----------+-------+-------+----------+--------+--------+----------+--------------+
| Size | k  | Optimal k | MaxRE | MinRE | MeanRE |  MeanAE | ExpValue | MaxCV | MinCV |  MeanCV  | MeanAD |   MD   |    SD    |   Variance   |
+------+----+-----------+-------+-------+--------+---------+----------+-------+-------+----------+--------+--------+----------+--------------+
|  7   | 1  |     5     |  0.14 |  0.12 |  0.13  | 1437.62 |  10780   |  9462 |  9227 | 9342.39  | 117.46 | 119.61 | 9343.12  | 87293959.27  |
|  7   | 2  |     5     |  0.09 |  0.04 |  0.06  |  650.23 |  10780   | 10321 |  9836 | 10129.77 | 150.83 | 293.77 | 10131.03 | 102637857.29 |
|  7   | 3  |     5     |  0.04 |  0.01 |  0.02  |  247.87 |  10780   | 10654 | 10371 | 10532.13 | 54.82  | 161.13 | 10532.34 | 110930269.20 |
|  7   | 4  |     5     |  0.02 |  0.01 |  0.01  |  144.67 |  10780   | 10705 | 10531 | 10635.33 | 25.40  | 104.33 | 10635.38 | 113111230.84 |
|  7   | 5  |     5     |  0.02 |  0.01 |  0.01  |  107.13 |  10780   | 10714 | 10610 | 10672.87 | 15.35  | 62.87  | 10672.89 | 113910488.83 |
|  7   | 6  |     5     |  0.01 |  0.01 |  0.01  |  94.69  |  10780   | 10721 | 10630 | 10685.31 | 11.43  | 55.31  | 10685.32 | 114176117.43 |
|  7   | 7  |     5     |  0.01 |  0.01 |  0.01  |  92.22  |  10780   | 10726 | 10640 | 10687.78 |  9.28  | 47.78  | 10687.79 | 114228778.76 |
|  7   | 8  |     5     |  0.01 |  0.01 |  0.01  |  96.69  |  10780   | 10717 | 10643 | 10683.31 |  9.02  | 40.31  | 10683.32 | 114133239.12 |
|  7   | 9  |     5     |  0.01 |  0.01 |  0.01  |  106.71 |  10780   | 10704 | 10638 | 10673.29 |  9.14  | 35.29  | 10673.30 | 113919310.23 |
|  7   | 10 |     5     |  0.02 |  0.01 |  0.01  |  120.65 |  10780   | 10699 | 10615 | 10659.35 |  9.00  | 44.35  | 10659.36 | 113621893.23 |
|  7   | 11 |     5     |  0.02 |  0.01 |  0.01  |  138.60 |  10780   | 10670 | 10607 | 10641.40 |  9.30  | 34.40  | 10641.40 | 113239487.14 |
|  7   | 12 |     5     |  0.02 |  0.01 |  0.02  |  163.45 |  10780   | 10656 | 10575 | 10616.55 |  9.85  | 41.55  | 10616.55 | 112711222.82 |
+------+----+-----------+-------+-------+--------+---------+----------+-------+-------+----------+--------+--------+----------+--------------+

Analysis by statistical approximation (book = "Lusíadas.txt")
+------+----+-----------+-------+-------+--------+---------+----------+-------+-------+----------+--------+--------+----------+--------------+
| Size | k  | Optimal k | MaxRE | MinRE | MeanRE |  MeanAE | ExpValue | MaxCV | MinCV |  MeanCV  | MeanAD |   MD   |    SD    |   Variance   |
+------+----+-----------+-------+-------+--------+---------+----------+-------+-------+----------+--------+--------+----------+--------------+
|  7   | 1  |     5     |  0.09 |  0.06 |  0.07  |  806.41 |  10780   | 10110 |  9842 | 9973.59  | 133.96 | 136.41 | 9974.49  | 99490407.78  |
|  7   | 2  |     5     |  0.17 |  0.07 |  0.12  | 1264.05 |  10780   | 10068 |  8997 | 9515.95  | 446.51 | 552.05 | 9526.75  | 90758966.49  |
|  7   | 3  |     5     |  0.15 |  0.02 |  0.08  |  851.20 |  10780   | 10579 |  9193 | 9928.80  | 347.42 | 735.80 | 9936.39  | 98731890.11  |
|  7   | 4  |     5     |  0.13 |  0.00 |  0.06  |  652.71 |  10780   | 10794 |  9421 | 10127.32 | 282.16 | 706.32 | 10132.40 | 102665552.35 |
|  7   | 5  |     5     |  0.10 |  0.00 |  0.05  |  507.78 |  10780   | 10852 |  9667 | 10273.16 | 239.30 | 606.16 | 10276.73 | 105611258.27 |
|  7   | 6  |     5     |  0.09 |  0.00 |  0.04  |  430.76 |  10780   | 10838 |  9853 | 10350.06 | 203.72 | 497.06 | 10352.70 | 107178488.80 |
|  7   | 7  |     5     |  0.08 |  0.00 |  0.03  |  375.02 |  10780   | 10849 |  9957 | 10405.83 | 172.77 | 448.83 | 10407.73 | 108320913.07 |
|  7   | 8  |     5     |  0.07 |  0.00 |  0.03  |  325.51 |  10780   | 10811 | 10053 | 10455.13 | 160.25 | 402.13 | 10456.73 | 109343297.31 |
|  7   | 9  |     5     |  0.06 |  0.00 |  0.03  |  295.36 |  10780   | 10855 | 10108 | 10485.51 | 139.79 | 377.51 | 10486.77 | 109972249.41 |
|  7   | 10 |     5     |  0.06 |  0.00 |  0.03  |  270.12 |  10780   | 10866 | 10181 | 10511.27 | 127.03 | 354.73 | 10512.32 | 110508783.47 |
|  7   | 11 |     5     |  0.05 |  0.00 |  0.02  |  241.80 |  10780   | 10903 | 10213 | 10539.39 | 119.79 | 363.61 | 10540.32 | 111098428.75 |
|  7   | 12 |     5     |  0.05 |  0.00 |  0.02  |  224.28 |  10780   | 10852 | 10258 | 10557.29 | 109.31 | 299.29 | 10558.07 | 111472752.13 |
+------+----+-----------+-------+-------+--------+---------+----------+-------+-------+----------+--------+--------+----------+--------------+

Analysis by inserted (book = "Lusíadas.txt")
+------+----+-----------+-------+-------+--------+---------+----------+-------+-------+----------+--------+--------+----------+--------------+
| Size | k  | Optimal k | MaxRE | MinRE | MeanRE |  MeanAE | ExpValue | MaxCV | MinCV |  MeanCV  | MeanAD |   MD   |    SD    |   Variance   |
+------+----+-----------+-------+-------+--------+---------+----------+-------+-------+----------+--------+--------+----------+--------------+
|  8   | 1  |     6     |  0.15 |  0.11 |  0.13  | 1399.94 |  10780   |  9568 |  9186 | 9380.06  | 190.95 | 194.06 | 9382.00  | 88021922.22  |
|  8   | 2  |     6     |  0.06 |  0.04 |  0.05  |  532.66 |  10780   | 10368 | 10120 | 10247.34 | 85.45  | 127.34 | 10247.77 | 105016831.88 |
|  8   | 3  |     6     |  0.03 |  0.01 |  0.02  |  186.66 |  10780   | 10683 | 10472 | 10593.34 | 40.03  | 121.34 | 10593.46 | 112221417.46 |
|  8   | 4  |     6     |  0.02 |  0.00 |  0.01  |  97.62  |  10780   | 10730 | 10602 | 10682.38 | 17.62  | 80.38  | 10682.40 | 114113743.35 |
|  8   | 5  |     6     |  0.01 |  0.00 |  0.01  |  68.12  |  10780   | 10749 | 10665 | 10711.88 | 10.46  | 46.88  | 10711.89 | 114744566.79 |
|  8   | 6  |     6     |  0.01 |  0.00 |  0.01  |  56.25  |  10780   | 10749 | 10683 | 10723.75 |  8.24  | 40.75  | 10723.76 | 114999003.99 |
|  8   | 7  |     6     |  0.01 |  0.00 |  0.00  |  52.72  |  10780   | 10754 | 10698 | 10727.28 |  6.94  | 29.28  | 10727.28 | 115074524.71 |
|  8   | 8  |     6     |  0.01 |  0.00 |  0.00  |  52.38  |  10780   | 10746 | 10704 | 10727.62 |  6.23  | 23.62  | 10727.62 | 115081891.34 |
|  8   | 9  |     6     |  0.01 |  0.00 |  0.01  |  55.45  |  10780   | 10750 | 10697 | 10724.55 |  6.33  | 27.55  | 10724.55 | 115016077.65 |
|  8   | 10 |     6     |  0.01 |  0.00 |  0.01  |  60.99  |  10780   | 10746 | 10690 | 10719.01 |  6.57  | 29.01  | 10719.02 | 114897306.98 |
|  8   | 11 |     6     |  0.01 |  0.00 |  0.01  |  68.84  |  10780   | 10733 | 10685 | 10711.16 |  6.64  | 26.16  | 10711.17 | 114729059.81 |
|  8   | 12 |     6     |  0.01 |  0.00 |  0.01  |  79.76  |  10780   | 10727 | 10672 | 10700.24 |  6.88  | 28.24  | 10700.24 | 114495210.61 |
+------+----+-----------+-------+-------+--------+---------+----------+-------+-------+----------+--------+--------+----------+--------------+

Analysis by statistical approximation (book = "Lusíadas.txt")
+------+----+-----------+-------+-------+--------+---------+----------+-------+-------+----------+--------+--------+----------+--------------+
| Size | k  | Optimal k | MaxRE | MinRE | MeanRE |  MeanAE | ExpValue | MaxCV | MinCV |  MeanCV  | MeanAD |   MD   |    SD    |   Variance   |
+------+----+-----------+-------+-------+--------+---------+----------+-------+-------+----------+--------+--------+----------+--------------+
|  8   | 1  |     6     |  0.10 |  0.06 |  0.08  |  849.07 |  10780   | 10142 |  9713 | 9930.93  | 214.45 | 217.93 | 9933.25  | 98669408.86  |
|  8   | 2  |     6     |  0.14 |  0.07 |  0.10  | 1091.58 |  10780   | 10015 |  9275 | 9688.42  | 251.52 | 413.42 | 9692.11  | 93936953.29  |
|  8   | 3  |     6     |  0.12 |  0.02 |  0.07  |  734.87 |  10780   | 10606 |  9508 | 10045.13 | 255.93 | 560.87 | 10049.46 | 100991614.25 |
|  8   | 4  |     6     |  0.10 |  0.00 |  0.05  |  543.10 |  10780   | 10788 |  9664 | 10236.92 | 205.38 | 572.92 | 10239.82 | 104853964.12 |
|  8   | 5  |     6     |  0.09 |  0.00 |  0.04  |  458.13 |  10780   | 10805 |  9805 | 10321.97 | 174.73 | 516.97 | 10324.02 | 106585426.00 |
|  8   | 6  |     6     |  0.08 |  0.00 |  0.04  |  378.64 |  10780   | 10832 |  9966 | 10401.59 | 151.67 | 435.59 | 10403.17 | 108226014.64 |
|  8   | 7  |     6     |  0.06 |  0.00 |  0.03  |  331.69 |  10780   | 10840 | 10086 | 10448.73 | 128.52 | 391.27 | 10449.86 | 109199670.90 |
|  8   | 8  |     6     |  0.06 |  0.00 |  0.03  |  295.88 |  10780   | 10817 | 10156 | 10484.36 | 117.90 | 332.64 | 10485.31 | 109941778.89 |
|  8   | 9  |     6     |  0.06 |  0.00 |  0.02  |  259.71 |  10780   | 10823 | 10156 | 10520.74 | 107.45 | 364.74 | 10521.53 | 110702566.98 |
|  8   | 10 |     6     |  0.05 |  0.00 |  0.02  |  230.25 |  10780   | 10845 | 10242 | 10550.82 | 101.29 | 308.82 | 10551.51 | 111334451.68 |
|  8   | 11 |     6     |  0.05 |  0.00 |  0.02  |  211.54 |  10780   | 10816 | 10265 | 10568.86 | 90.83  | 303.86 | 10569.42 | 111712670.69 |
|  8   | 12 |     6     |  0.05 |  0.00 |  0.02  |  200.31 |  10780   | 10831 | 10286 | 10580.57 | 85.78  | 294.57 | 10581.07 | 111959090.96 |
+------+----+-----------+-------+-------+--------+---------+----------+-------+-------+----------+--------+--------+----------+--------------+

Analysis by inserted (book = "Lusíadas.txt")
+------+----+-----------+-------+-------+--------+---------+----------+-------+-------+----------+--------+--------+----------+--------------+
| Size | k  | Optimal k | MaxRE | MinRE | MeanRE |  MeanAE | ExpValue | MaxCV | MinCV |  MeanCV  | MeanAD |   MD   |    SD    |   Variance   |
+------+----+-----------+-------+-------+--------+---------+----------+-------+-------+----------+--------+--------+----------+--------------+
|  10  | 1  |     7     |  0.14 |  0.11 |  0.13  | 1372.60 |  10780   |  9598 |  9225 | 9407.40  | 186.41 | 190.60 | 9409.24  | 88533883.73  |
|  10  | 2  |     7     |  0.05 |  0.03 |  0.04  |  433.33 |  10780   | 10457 | 10242 | 10346.67 | 48.54  | 110.33 | 10346.83 | 107056945.03 |
|  10  | 3  |     7     |  0.02 |  0.01 |  0.01  |  123.70 |  10780   | 10724 | 10559 | 10656.30 | 32.00  | 97.30  | 10656.38 | 113558394.22 |
|  10  | 4  |     7     |  0.01 |  0.00 |  0.01  |  55.43  |  10780   | 10757 | 10658 | 10724.57 | 12.40  | 66.57  | 10724.58 | 115016702.91 |
|  10  | 5  |     7     |  0.01 |  0.00 |  0.00  |  31.60  |  10780   | 10769 | 10711 | 10748.40 |  6.82  | 37.40  | 10748.41 | 115528219.84 |
|  10  | 6  |     7     |  0.00 |  0.00 |  0.00  |  23.08  |  10780   | 10771 | 10733 | 10756.92 |  4.60  | 23.92  | 10756.92 | 115711425.09 |
|  10  | 7  |     7     |  0.00 |  0.00 |  0.00  |  19.20  |  10780   | 10774 | 10743 | 10760.80 |  4.00  | 17.80  | 10760.80 | 115794863.32 |
|  10  | 8  |     7     |  0.00 |  0.00 |  0.00  |  16.94  |  10780   | 10775 | 10747 | 10763.06 |  3.66  | 16.06  | 10763.06 | 115843460.07 |
|  10  | 9  |     7     |  0.00 |  0.00 |  0.00  |  16.77  |  10780   | 10775 | 10751 | 10763.23 |  3.32  | 12.23  | 10763.23 | 115847094.11 |
|  10  | 10 |     7     |  0.00 |  0.00 |  0.00  |  17.28  |  10780   | 10774 | 10746 | 10762.72 |  3.42  | 16.72  | 10762.72 | 115836225.05 |
|  10  | 11 |     7     |  0.00 |  0.00 |  0.00  |  18.30  |  10780   | 10774 | 10746 | 10761.70 |  3.54  | 15.70  | 10761.70 | 115814228.04 |
|  10  | 12 |     7     |  0.00 |  0.00 |  0.00  |  20.53  |  10780   | 10772 | 10744 | 10759.47 |  3.67  | 15.47  | 10759.47 | 115766129.79 |
+------+----+-----------+-------+-------+--------+---------+----------+-------+-------+----------+--------+--------+----------+--------------+

Analysis by statistical approximation (book = "Lusíadas.txt")
+------+----+-----------+-------+-------+--------+---------+----------+-------+-------+----------+--------+--------+----------+--------------+
| Size | k  | Optimal k | MaxRE | MinRE | MeanRE |  MeanAE | ExpValue | MaxCV | MinCV |  MeanCV  | MeanAD |   MD   |    SD    |   Variance   |
+------+----+-----------+-------+-------+--------+---------+----------+-------+-------+----------+--------+--------+----------+--------------+
|  10  | 1  |     7     |  0.11 |  0.07 |  0.09  |  936.49 |  10780   | 10052 |  9644 | 9843.51  | 203.90 | 208.49 | 9845.62  | 96936324.35  |
|  10  | 2  |     7     |  0.13 |  0.07 |  0.10  | 1060.64 |  10780   | 10033 |  9405 | 9719.36  | 184.70 | 314.36 | 9721.46  | 94506743.85  |
|  10  | 3  |     7     |  0.12 |  0.02 |  0.07  |  707.31 |  10780   | 10525 |  9517 | 10072.69 | 215.82 | 555.69 | 10076.02 | 101526148.04 |
|  10  | 4  |     7     |  0.11 |  0.00 |  0.05  |  550.28 |  10780   | 10803 |  9607 | 10229.88 | 177.17 | 622.88 | 10232.24 | 104698719.33 |
|  10  | 5  |     7     |  0.08 |  0.00 |  0.04  |  425.38 |  10780   | 10838 |  9894 | 10354.82 | 157.95 | 483.18 | 10356.59 | 107258913.48 |
|  10  | 6  |     7     |  0.07 |  0.00 |  0.03  |  362.91 |  10780   | 10811 | 10013 | 10417.44 | 132.37 | 404.44 | 10418.67 | 108548625.85 |
|  10  | 7  |     7     |  0.06 |  0.00 |  0.03  |  307.30 |  10780   | 10808 | 10084 | 10473.01 | 117.77 | 389.01 | 10473.99 | 109704508.39 |
|  10  | 8  |     7     |  0.06 |  0.00 |  0.02  |  267.04 |  10780   | 10844 | 10177 | 10513.79 | 108.97 | 336.79 | 10514.62 | 110557142.11 |
|  10  | 9  |     7     |  0.05 |  0.00 |  0.02  |  243.59 |  10780   | 10842 | 10248 | 10536.85 | 95.55  | 305.15 | 10537.49 | 111038656.36 |
|  10  | 10 |     7     |  0.05 |  0.00 |  0.02  |  217.96 |  10780   | 10834 | 10279 | 10562.59 | 86.52  | 283.59 | 10563.12 | 111579587.20 |
|  10  | 11 |     7     |  0.04 |  0.00 |  0.02  |  188.72 |  10780   | 10860 | 10331 | 10592.10 | 80.78  | 267.90 | 10592.56 | 112202264.38 |
|  10  | 12 |     7     |  0.04 |  0.00 |  0.02  |  179.37 |  10780   | 10822 | 10367 | 10601.29 | 77.46  | 234.29 | 10601.70 | 112396130.48 |
+------+----+-----------+-------+-------+--------+---------+----------+-------+-------+----------+--------+--------+----------+--------------+

Analysis by inserted (book = "Lusíadas.txt")
+------+----+-----------+-------+-------+--------+---------+----------+-------+-------+----------+--------+--------+----------+--------------+
| Size | k  | Optimal k | MaxRE | MinRE | MeanRE |  MeanAE | ExpValue | MaxCV | MinCV |  MeanCV  | MeanAD |   MD   |    SD    |   Variance   |
+------+----+-----------+-------+-------+--------+---------+----------+-------+-------+----------+--------+--------+----------+--------------+
|  12  | 1  |     9     |  0.14 |  0.08 |  0.11  | 1192.10 |  10780   |  9917 |  9244 | 9587.90  | 336.34 | 343.90 | 9593.80  | 92041061.38  |
|  12  | 2  |     9     |  0.04 |  0.02 |  0.03  |  324.63 |  10780   | 10583 | 10301 | 10455.37 | 56.63  | 154.37 | 10455.65 | 109320660.77 |
|  12  | 3  |     9     |  0.02 |  0.00 |  0.01  |  82.41  |  10780   | 10751 | 10577 | 10697.59 | 22.04  | 120.59 | 10697.63 | 114439275.79 |
|  12  | 4  |     9     |  0.01 |  0.00 |  0.00  |  32.20  |  10780   | 10771 | 10697 | 10747.80 |  8.62  | 50.80  | 10747.81 | 115515347.34 |
|  12  | 5  |     9     |  0.00 |  0.00 |  0.00  |  16.44  |  10780   | 10777 | 10741 | 10763.56 |  4.39  | 22.56  | 10763.56 | 115854254.45 |
|  12  | 6  |     9     |  0.00 |  0.00 |  0.00  |  10.49  |  10780   | 10779 | 10756 | 10769.51 |  3.14  | 13.51  | 10769.51 | 115982295.92 |
|  12  | 7  |     9     |  0.00 |  0.00 |  0.00  |   7.74  |  10780   | 10780 | 10759 | 10772.26 |  2.53  | 13.26  | 10772.26 | 116041660.20 |
|  12  | 8  |     9     |  0.00 |  0.00 |  0.00  |   6.39  |  10780   | 10780 | 10763 | 10773.61 |  2.07  | 10.61  | 10773.61 | 116070593.07 |
|  12  | 9  |     9     |  0.00 |  0.00 |  0.00  |   5.91  |  10780   | 10780 | 10763 | 10774.09 |  2.01  | 11.09  | 10774.09 | 116081000.14 |
|  12  | 10 |     9     |  0.00 |  0.00 |  0.00  |   5.45  |  10780   | 10780 | 10765 | 10774.55 |  1.90  |  9.55  | 10774.55 | 116090954.89 |
|  12  | 11 |     9     |  0.00 |  0.00 |  0.00  |   5.40  |  10780   | 10780 | 10767 | 10774.60 |  1.93  |  7.60  | 10774.60 | 116092032.38 |
|  12  | 12 |     9     |  0.00 |  0.00 |  0.00  |   5.85  |  10780   | 10780 | 10766 | 10774.15 |  1.98  |  8.15  | 10774.15 | 116082249.63 |
+------+----+-----------+-------+-------+--------+---------+----------+-------+-------+----------+--------+--------+----------+--------------+

Analysis by statistical approximation (book = "Lusíadas.txt")
+------+----+-----------+-------+-------+--------+--------+----------+-------+-------+----------+--------+--------+----------+--------------+
| Size | k  | Optimal k | MaxRE | MinRE | MeanRE | MeanAE | ExpValue | MaxCV | MinCV |  MeanCV  | MeanAD |   MD   |    SD    |   Variance   |
+------+----+-----------+-------+-------+--------+--------+----------+-------+-------+----------+--------+--------+----------+--------------+
|  12  | 1  |     9     |  0.11 |  0.04 |  0.08  | 817.50 |  10780   | 10318 |  9591 | 9962.50  | 363.32 | 371.50 | 9969.12  | 99383414.77  |
|  12  | 2  |     9     |  0.13 |  0.05 |  0.09  | 922.79 |  10780   | 10205 |  9422 | 9857.21  | 158.84 | 435.21 | 9859.65  | 97212745.94  |
|  12  | 3  |     9     |  0.11 |  0.01 |  0.06  | 618.93 |  10780   | 10649 |  9563 | 10161.07 | 179.82 | 598.07 | 10163.72 | 103301262.75 |
|  12  | 4  |     9     |  0.09 |  0.00 |  0.04  | 477.96 |  10780   | 10790 |  9797 | 10302.06 | 152.55 | 505.06 | 10303.91 | 106170506.77 |
|  12  | 5  |     9     |  0.08 |  0.00 |  0.04  | 381.60 |  10780   | 10801 |  9926 | 10398.51 | 136.15 | 472.51 | 10399.92 | 108158233.11 |
|  12  | 6  |     9     |  0.06 |  0.00 |  0.03  | 322.06 |  10780   | 10805 | 10089 | 10458.14 | 127.63 | 369.14 | 10459.30 | 109397056.68 |
|  12  | 7  |     9     |  0.06 |  0.00 |  0.03  | 279.00 |  10780   | 10802 | 10187 | 10501.07 | 104.60 | 314.07 | 10501.87 | 110289270.36 |
|  12  | 8  |     9     |  0.05 |  0.00 |  0.02  | 237.71 |  10780   | 10834 | 10261 | 10542.83 | 92.34  | 291.17 | 10543.45 | 111164429.44 |
|  12  | 9  |     9     |  0.04 |  0.00 |  0.02  | 215.25 |  10780   | 10826 | 10315 | 10565.12 | 82.44  | 260.88 | 10565.62 | 111632276.82 |
|  12  | 10 |     9     |  0.04 |  0.00 |  0.02  | 189.19 |  10780   | 10808 | 10357 | 10591.21 | 78.34  | 234.21 | 10591.65 | 112183060.99 |
|  12  | 11 |     9     |  0.04 |  0.00 |  0.02  | 175.19 |  10780   | 10826 | 10402 | 10605.50 | 72.29  | 220.50 | 10605.87 | 112484491.10 |
|  12  | 12 |     9     |  0.04 |  0.00 |  0.02  | 167.36 |  10780   | 10842 | 10384 | 10613.45 | 68.86  | 229.45 | 10613.78 | 112652328.10 |
+------+----+-----------+-------+-------+--------+--------+----------+-------+-------+----------+--------+--------+----------+--------------+

Analysis by inserted (book = "Lusíadas.txt")
+------+----+-----------+-------+-------+--------+---------+----------+-------+-------+----------+--------+--------+----------+--------------+
| Size | k  | Optimal k | MaxRE | MinRE | MeanRE |  MeanAE | ExpValue | MaxCV | MinCV |  MeanCV  | MeanAD |   MD   |    SD    |   Variance   |
+------+----+-----------+-------+-------+--------+---------+----------+-------+-------+----------+--------+--------+----------+--------------+
|  15  | 1  |     11    |  0.13 |  0.08 |  0.11  | 1145.56 |  10780   |  9886 |  9405 | 9634.44  | 239.99 | 251.56 | 9637.43  | 92880094.17  |
|  15  | 2  |     11    |  0.03 |  0.01 |  0.02  |  253.36 |  10780   | 10623 | 10429 | 10526.64 | 48.09  | 97.64  | 10526.80 | 110813526.72 |
|  15  | 3  |     11    |  0.01 |  0.00 |  0.00  |  52.92  |  10780   | 10759 | 10652 | 10727.08 | 16.60  | 75.08  | 10727.10 | 115070639.12 |
|  15  | 4  |     11    |  0.00 |  0.00 |  0.00  |  16.74  |  10780   | 10777 | 10732 | 10763.26 |  5.65  | 31.26  | 10763.27 | 115847881.69 |
|  15  | 5  |     11    |  0.00 |  0.00 |  0.00  |   7.45  |  10780   | 10780 | 10758 | 10772.55 |  2.77  | 14.55  | 10772.55 | 116047846.00 |
|  15  | 6  |     11    |  0.00 |  0.00 |  0.00  |   3.82  |  10780   | 10780 | 10768 | 10776.18 |  1.78  |  8.18  | 10776.18 | 116126146.58 |
|  15  | 7  |     11    |  0.00 |  0.00 |  0.00  |   2.43  |  10780   | 10780 | 10770 | 10777.57 |  1.32  |  7.57  | 10777.57 | 116155953.14 |
|  15  | 8  |     11    |  0.00 |  0.00 |  0.00  |   1.79  |  10780   | 10780 | 10772 | 10778.21 |  1.08  |  6.21  | 10778.21 | 116169855.79 |
|  15  | 9  |     11    |  0.00 |  0.00 |  0.00  |   1.46  |  10780   | 10780 | 10772 | 10778.54 |  1.03  |  6.54  | 10778.54 | 116176861.46 |
|  15  | 10 |     11    |  0.00 |  0.00 |  0.00  |   1.21  |  10780   | 10780 | 10774 | 10778.79 |  0.83  |  4.79  | 10778.79 | 116182379.63 |
|  15  | 11 |     11    |  0.00 |  0.00 |  0.00  |   1.11  |  10780   | 10780 | 10774 | 10778.89 |  0.82  |  4.89  | 10778.89 | 116184535.47 |
|  15  | 12 |     11    |  0.00 |  0.00 |  0.00  |   1.06  |  10780   | 10780 | 10775 | 10778.94 |  0.78  |  3.94  | 10778.94 | 116185505.48 |
+------+----+-----------+-------+-------+--------+---------+----------+-------+-------+----------+--------+--------+----------+--------------+

Analysis by statistical approximation (book = "Lusíadas.txt")
+------+----+-----------+-------+-------+--------+--------+----------+-------+-------+----------+--------+--------+----------+--------------+
| Size | k  | Optimal k | MaxRE | MinRE | MeanRE | MeanAE | ExpValue | MaxCV | MinCV |  MeanCV  | MeanAD |   MD   |    SD    |   Variance   |
+------+----+-----------+-------+-------+--------+--------+----------+-------+-------+----------+--------+--------+----------+--------------+
|  15  | 1  |     11    |  0.10 |  0.05 |  0.08  | 846.25 |  10780   | 10201 |  9690 | 9933.75  | 254.96 | 267.25 | 9937.03  | 98744471.58  |
|  15  | 2  |     11    |  0.11 |  0.05 |  0.08  | 831.69 |  10780   | 10224 |  9616 | 9948.31  | 120.14 | 332.31 | 9949.81  | 98998786.88  |
|  15  | 3  |     11    |  0.09 |  0.01 |  0.05  | 554.12 |  10780   | 10619 |  9770 | 10225.88 | 165.55 | 455.88 | 10228.00 | 104612042.25 |
|  15  | 4  |     11    |  0.09 |  0.00 |  0.04  | 439.48 |  10780   | 10794 |  9857 | 10340.55 | 146.77 | 483.55 | 10342.19 | 106960881.70 |
|  15  | 5  |     11    |  0.07 |  0.00 |  0.03  | 365.45 |  10780   | 10818 | 10023 | 10414.78 | 131.01 | 403.22 | 10416.03 | 108493706.99 |
|  15  | 6  |     11    |  0.06 |  0.00 |  0.03  | 292.76 |  10780   | 10812 | 10154 | 10487.51 | 106.31 | 333.51 | 10488.36 | 110005716.82 |
|  15  | 7  |     11    |  0.05 |  0.00 |  0.02  | 261.18 |  10780   | 10816 | 10216 | 10519.05 | 98.46  | 303.05 | 10519.75 | 110665081.82 |
|  15  | 8  |     11    |  0.05 |  0.00 |  0.02  | 223.45 |  10780   | 10806 | 10250 | 10556.78 | 85.50  | 306.78 | 10557.31 | 111456794.37 |
|  15  | 9  |     11    |  0.04 |  0.00 |  0.02  | 202.10 |  10780   | 10815 | 10326 | 10578.43 | 77.96  | 252.43 | 10578.88 | 111912611.23 |
|  15  | 10 |     11    |  0.04 |  0.00 |  0.02  | 181.80 |  10780   | 10817 | 10366 | 10598.48 | 70.99  | 232.48 | 10598.84 | 112335379.98 |
|  15  | 11 |     11    |  0.04 |  0.00 |  0.02  | 163.16 |  10780   | 10812 | 10394 | 10617.27 | 63.91  | 223.27 | 10617.57 | 112732780.68 |
|  15  | 12 |     11    |  0.03 |  0.00 |  0.01  | 148.89 |  10780   | 10820 | 10439 | 10631.61 | 61.21  | 192.61 | 10631.88 | 113036831.03 |
+------+----+-----------+-------+-------+--------+--------+----------+-------+-------+----------+--------+--------+----------+--------------+

Analysis by inserted (book = "Maias.txt")
+------+----+-----------+-------+-------+--------+----------+----------+-------+-------+----------+--------+--------+----------+--------------+
| Size | k  | Optimal k | MaxRE | MinRE | MeanRE |  MeanAE  | ExpValue | MaxCV | MinCV |  MeanCV  | MeanAD |   MD   |    SD    |   Variance   |
+------+----+-----------+-------+-------+--------+----------+----------+-------+-------+----------+--------+--------+----------+--------------+
|  2   | 1  |     2     |  0.31 |  0.23 |  0.27  | 5703.00  |  21132   | 16206 | 14652 | 15429.00 | 777.00 | 777.00 | 15448.55 | 238657770.00 |
|  2   | 2  |     2     |  0.20 |  0.17 |  0.18  | 3879.05  |  21132   | 17560 | 16945 | 17252.94 | 232.47 | 307.94 | 17254.58 | 297720530.65 |
|  2   | 3  |     2     |  0.19 |  0.18 |  0.18  | 3868.11  |  21132   | 17426 | 17034 | 17263.89 | 87.98  | 229.89 | 17264.18 | 298051751.00 |
|  2   | 4  |     2     |  0.21 |  0.20 |  0.21  | 4341.81  |  21132   | 16926 | 16636 | 16790.19 | 44.33  | 154.19 | 16790.28 | 281913516.87 |
|  2   | 5  |     2     |  0.24 |  0.23 |  0.24  | 5050.04  |  21132   | 16222 | 15955 | 16081.96 | 35.85  | 140.04 | 16082.02 | 258631321.10 |
|  2   | 6  |     2     |  0.28 |  0.27 |  0.28  | 5847.15  |  21132   | 15417 | 15132 | 15284.85 | 34.62  | 152.85 | 15284.91 | 233628506.00 |
|  2   | 7  |     2     |  0.32 |  0.31 |  0.32  | 6678.56  |  21132   | 14608 | 14307 | 14453.44 | 36.44  | 154.56 | 14453.51 | 208903984.37 |
|  2   | 8  |     2     |  0.36 |  0.35 |  0.35  | 7501.74  |  21132   | 13780 | 13489 | 13630.26 | 38.71  | 149.74 | 13630.34 | 185786198.34 |
|  2   | 9  |     2     |  0.40 |  0.38 |  0.39  | 8280.89  |  21132   | 13004 | 12722 | 12851.11 | 37.87  | 152.89 | 12851.20 | 165153244.07 |
|  2   | 10 |     2     |  0.43 |  0.42 |  0.43  | 9008.86  |  21132   | 12269 | 11960 | 12123.14 | 38.65  | 163.14 | 12123.23 | 146972753.36 |
|  2   | 11 |     2     |  0.46 |  0.45 |  0.46  | 9678.89  |  21132   | 11596 | 11311 | 11453.11 | 36.26  | 142.89 | 11453.20 | 131175868.83 |
|  2   | 12 |     2     |  0.49 |  0.48 |  0.49  | 10286.26 |  21132   | 10987 | 10711 | 10845.74 | 33.41  | 141.26 | 10845.82 | 117631847.71 |
+------+----+-----------+-------+-------+--------+----------+----------+-------+-------+----------+--------+--------+----------+--------------+

Analysis by statistical approximation (book = "Maias.txt")
+------+----+-----------+-------+-------+--------+---------+----------+-------+-------+----------+---------+---------+----------+--------------+
| Size | k  | Optimal k | MaxRE | MinRE | MeanRE |  MeanAE | ExpValue | MaxCV | MinCV |  MeanCV  |  MeanAD |    MD   |    SD    |   Variance   |
+------+----+-----------+-------+-------+--------+---------+----------+-------+-------+----------+---------+---------+----------+--------------+
|  2   | 1  |     2     |  0.15 |  0.03 |  0.09  | 1917.00 |  21132   | 20439 | 17991 | 19215.00 | 1224.00 | 1224.00 | 19253.95 | 370714401.00 |
|  2   | 2  |     2     |  0.09 |  0.01 |  0.05  | 1034.18 |  21132   | 20986 | 19204 | 20097.82 |  735.90 |  893.82 | 20111.56 | 404474967.73 |
|  2   | 3  |     2     |  0.07 |  0.00 |  0.03  |  671.55 |  21132   | 21203 | 19584 | 20463.70 |  484.92 |  879.70 | 20469.93 | 419018020.59 |
|  2   | 4  |     2     |  0.06 |  0.00 |  0.02  |  487.28 |  21132   | 21305 | 19890 | 20653.51 |  345.35 |  763.51 | 20656.87 | 426706366.76 |
|  2   | 5  |     2     |  0.06 |  0.00 |  0.02  |  429.13 |  21132   | 21471 | 19910 | 20717.89 |  298.09 |  807.89 | 20720.58 | 429342433.81 |
|  2   | 6  |     2     |  0.05 |  0.00 |  0.02  |  370.68 |  21132   | 21441 | 20052 | 20787.50 |  263.58 |  735.50 | 20789.66 | 432209951.44 |
|  2   | 7  |     2     |  0.05 |  0.00 |  0.02  |  326.53 |  21132   | 21454 | 20097 | 20841.84 |  233.24 |  744.84 | 20843.69 | 434459291.31 |
|  2   | 8  |     2     |  0.05 |  0.00 |  0.01  |  298.83 |  21132   | 21656 | 20151 | 20885.03 |  225.88 |  770.97 | 20886.81 | 436258917.86 |
|  2   | 9  |     2     |  0.05 |  0.00 |  0.01  |  306.59 |  21132   | 21768 | 20172 | 20896.09 |  229.61 |  871.91 | 20898.00 | 436726257.05 |
|  2   | 10 |     2     |  0.04 |  0.00 |  0.01  |  283.01 |  21132   | 21751 | 20188 | 20936.73 |  231.48 |  814.27 | 20938.68 | 438428259.57 |
|  2   | 11 |     2     |  0.05 |  0.00 |  0.01  |  285.46 |  21132   | 21778 | 20032 | 20946.59 |  240.15 |  914.59 | 20948.70 | 438848119.62 |
|  2   | 12 |     2     |  0.06 |  0.00 |  0.02  |  322.07 |  21132   | 22309 | 19868 | 20964.10 |  288.55 | 1344.90 | 20967.21 | 439623947.35 |
+------+----+-----------+-------+-------+--------+---------+----------+-------+-------+----------+---------+---------+----------+--------------+

Analysis by inserted (book = "Maias.txt")
+------+----+-----------+-------+-------+--------+---------+----------+-------+-------+----------+--------+--------+----------+--------------+
| Size | k  | Optimal k | MaxRE | MinRE | MeanRE |  MeanAE | ExpValue | MaxCV | MinCV |  MeanCV  | MeanAD |   MD   |    SD    |   Variance   |
+------+----+-----------+-------+-------+--------+---------+----------+-------+-------+----------+--------+--------+----------+--------------+
|  3   | 1  |     3     |  0.25 |  0.17 |  0.21  | 4437.18 |  21132   | 17595 | 15823 | 16694.82 | 885.77 | 900.18 | 16718.31 | 279501943.43 |
|  3   | 2  |     3     |  0.12 |  0.09 |  0.11  | 2274.34 |  21132   | 19166 | 18531 | 18857.66 | 242.39 | 326.66 | 18859.32 | 355673939.38 |
|  3   | 3  |     3     |  0.10 |  0.08 |  0.09  | 1919.30 |  21132   | 19417 | 18981 | 19212.70 | 100.97 | 231.70 | 19213.02 | 369140052.76 |
|  3   | 4  |     3     |  0.10 |  0.09 |  0.09  | 1966.26 |  21132   | 19326 | 18994 | 19165.74 | 55.44  | 171.74 | 19165.85 | 367329924.50 |
|  3   | 5  |     3     |  0.11 |  0.10 |  0.10  | 2199.84 |  21132   | 19062 | 18764 | 18932.17 | 39.89  | 168.17 | 18932.23 | 358429242.88 |
|  3   | 6  |     3     |  0.13 |  0.12 |  0.12  | 2553.55 |  21132   | 18700 | 18455 | 18578.45 | 34.16  | 123.45 | 18578.49 | 345160453.32 |
|  3   | 7  |     3     |  0.15 |  0.14 |  0.14  | 2998.12 |  21132   | 18251 | 18002 | 18133.88 | 32.24  | 131.88 | 18133.92 | 328839062.85 |
|  3   | 8  |     3     |  0.17 |  0.16 |  0.17  | 3507.50 |  21132   | 17775 | 17483 | 17624.50 | 32.34  | 150.50 | 17624.55 | 310624714.76 |
|  3   | 9  |     3     |  0.20 |  0.19 |  0.19  | 4054.56 |  21132   | 17217 | 16908 | 17077.44 | 33.70  | 169.44 | 17077.49 | 291640665.46 |
|  3   | 10 |     3     |  0.23 |  0.21 |  0.22  | 4636.86 |  21132   | 16638 | 16352 | 16495.14 | 37.85  | 143.14 | 16495.21 | 272091948.44 |
|  3   | 11 |     3     |  0.26 |  0.24 |  0.25  | 5228.52 |  21132   | 16073 | 15738 | 15903.48 | 36.42  | 169.52 | 15903.55 | 252922797.31 |
|  3   | 12 |     3     |  0.28 |  0.27 |  0.28  | 5817.59 |  21132   | 15449 | 15150 | 15314.41 | 38.02  | 164.41 | 15314.48 | 234533336.86 |
+------+----+-----------+-------+-------+--------+---------+----------+-------+-------+----------+--------+--------+----------+--------------+

Analysis by statistical approximation (book = "Maias.txt")
+------+----+-----------+-------+-------+--------+---------+----------+-------+-------+----------+---------+---------+----------+--------------+
| Size | k  | Optimal k | MaxRE | MinRE | MeanRE |  MeanAE | ExpValue | MaxCV | MinCV |  MeanCV  |  MeanAD |    MD   |    SD    |   Variance   |
+------+----+-----------+-------+-------+--------+---------+----------+-------+-------+----------+---------+---------+----------+--------------+
|  3   | 1  |     3     |  0.14 |  0.02 |  0.08  | 1744.76 |  21132   | 20610 | 18203 | 19387.24 | 1203.19 | 1222.76 | 19424.55 | 377313271.37 |
|  3   | 2  |     3     |  0.08 |  0.00 |  0.04  |  901.96 |  21132   | 21072 | 19439 | 20230.04 |  678.01 |  841.96 | 20241.69 | 409725949.71 |
|  3   | 3  |     3     |  0.07 |  0.00 |  0.03  |  664.33 |  21132   | 21135 | 19677 | 20467.70 |  455.67 |  790.70 | 20473.02 | 419144652.70 |
|  3   | 4  |     3     |  0.06 |  0.00 |  0.02  |  506.65 |  21132   | 21242 | 19950 | 20627.53 |  342.13 |  677.53 | 20630.62 | 425622468.54 |
|  3   | 5  |     3     |  0.05 |  0.00 |  0.02  |  408.44 |  21132   | 21269 | 20081 | 20727.99 |  288.93 |  646.99 | 20730.24 | 429742726.58 |
|  3   | 6  |     3     |  0.04 |  0.00 |  0.02  |  340.64 |  21132   | 21338 | 20265 | 20803.22 |  251.41 |  538.22 | 20804.98 | 432847157.90 |
|  3   | 7  |     3     |  0.04 |  0.00 |  0.01  |  311.89 |  21132   | 21387 | 20219 | 20835.82 |  226.22 |  616.82 | 20837.32 | 434193896.24 |
|  3   | 8  |     3     |  0.04 |  0.00 |  0.01  |  278.39 |  21132   | 21421 | 20329 | 20873.34 |  198.27 |  547.66 | 20874.54 | 435746212.84 |
|  3   | 9  |     3     |  0.03 |  0.00 |  0.01  |  252.25 |  21132   | 21366 | 20402 | 20904.11 |  181.83 |  502.11 | 20905.18 | 437026369.10 |
|  3   | 10 |     3     |  0.03 |  0.00 |  0.01  |  235.65 |  21132   | 21456 | 20426 | 20926.61 |  167.79 |  529.39 | 20927.56 | 437962675.30 |
|  3   | 11 |     3     |  0.03 |  0.00 |  0.01  |  219.56 |  21132   | 21566 | 20447 | 20950.06 |  163.16 |  615.94 | 20950.99 | 438943983.17 |
|  3   | 12 |     3     |  0.03 |  0.00 |  0.01  |  211.91 |  21132   | 21618 | 20463 | 20960.74 |  159.86 |  657.26 | 20961.65 | 439390814.17 |
+------+----+-----------+-------+-------+--------+---------+----------+-------+-------+----------+---------+---------+----------+--------------+

Analysis by inserted (book = "Maias.txt")
+------+----+-----------+-------+-------+--------+---------+----------+-------+-------+----------+--------+--------+----------+--------------+
| Size | k  | Optimal k | MaxRE | MinRE | MeanRE |  MeanAE | ExpValue | MaxCV | MinCV |  MeanCV  | MeanAD |   MD   |    SD    |   Variance   |
+------+----+-----------+-------+-------+--------+---------+----------+-------+-------+----------+--------+--------+----------+--------------+
|  5   | 1  |     4     |  0.20 |  0.14 |  0.17  | 3662.57 |  21132   | 18185 | 16822 | 17469.42 | 679.80 | 715.58 | 17482.68 | 305644090.97 |
|  5   | 2  |     4     |  0.07 |  0.04 |  0.06  | 1173.54 |  21132   | 20234 | 19593 | 19958.46 | 187.04 | 365.46 | 19959.60 | 398385434.59 |
|  5   | 3  |     4     |  0.04 |  0.03 |  0.03  |  712.53 |  21132   | 20582 | 20212 | 20419.47 | 75.14  | 207.47 | 20419.67 | 416962959.87 |
|  5   | 4  |     4     |  0.03 |  0.02 |  0.03  |  569.05 |  21132   | 20670 | 20412 | 20562.95 | 40.43  | 150.95 | 20563.01 | 422837189.63 |
|  5   | 5  |     4     |  0.03 |  0.02 |  0.03  |  542.20 |  21132   | 20673 | 20479 | 20589.80 | 26.90  | 110.80 | 20589.82 | 423940880.59 |
|  5   | 6  |     4     |  0.03 |  0.02 |  0.03  |  569.52 |  21132   | 20642 | 20478 | 20562.48 | 21.48  | 84.48  | 20562.50 | 422816383.76 |
|  5   | 7  |     4     |  0.03 |  0.03 |  0.03  |  637.26 |  21132   | 20572 | 20404 | 20494.74 | 21.55  | 90.74  | 20494.75 | 420034964.03 |
|  5   | 8  |     4     |  0.04 |  0.03 |  0.03  |  734.06 |  21132   | 20471 | 20305 | 20397.94 | 20.54  | 92.94  | 20397.96 | 416076664.37 |
|  5   | 9  |     4     |  0.05 |  0.04 |  0.04  |  860.78 |  21132   | 20344 | 20181 | 20271.22 | 21.71  | 90.22  | 20271.24 | 410923207.76 |
|  5   | 10 |     4     |  0.05 |  0.04 |  0.05  | 1017.23 |  21132   | 20206 | 20017 | 20114.77 | 22.18  | 97.77  | 20114.79 | 404604629.15 |
|  5   | 11 |     4     |  0.06 |  0.05 |  0.06  | 1205.53 |  21132   | 20021 | 19821 | 19926.47 | 24.35  | 105.47 | 19926.49 | 397065123.79 |
|  5   | 12 |     4     |  0.07 |  0.06 |  0.07  | 1416.65 |  21132   | 19817 | 19622 | 19715.35 | 24.58  | 101.65 | 19715.37 | 388695823.47 |
+------+----+-----------+-------+-------+--------+---------+----------+-------+-------+----------+--------+--------+----------+--------------+

Analysis by statistical approximation (book = "Maias.txt")
+------+----+-----------+-------+-------+--------+---------+----------+-------+-------+----------+--------+--------+----------+--------------+
| Size | k  | Optimal k | MaxRE | MinRE | MeanRE |  MeanAE | ExpValue | MaxCV | MinCV |  MeanCV  | MeanAD |   MD   |    SD    |   Variance   |
+------+----+-----------+-------+-------+--------+---------+----------+-------+-------+----------+--------+--------+----------+--------------+
|  5   | 1  |     4     |  0.13 |  0.06 |  0.10  | 2033.33 |  21132   | 19956 | 18323 | 19098.67 | 814.46 | 857.33 | 19116.08 | 365424392.32 |
|  5   | 2  |     4     |  0.08 |  0.01 |  0.05  |  981.02 |  21132   | 20939 | 19353 | 20150.97 | 496.29 | 797.97 | 20158.26 | 406355533.38 |
|  5   | 3  |     4     |  0.07 |  0.00 |  0.03  |  713.64 |  21132   | 21228 | 19593 | 20419.90 | 360.81 | 826.90 | 20424.21 | 417148150.00 |
|  5   | 4  |     4     |  0.06 |  0.00 |  0.03  |  547.86 |  21132   | 21215 | 19834 | 20585.68 | 304.65 | 751.68 | 20588.56 | 423888963.19 |
|  5   | 5  |     4     |  0.05 |  0.00 |  0.02  |  432.25 |  21132   | 21230 | 20123 | 20702.20 | 233.91 | 579.20 | 20703.96 | 428653986.87 |
|  5   | 6  |     4     |  0.04 |  0.00 |  0.02  |  338.31 |  21132   | 21256 | 20232 | 20798.26 | 206.15 | 566.26 | 20799.62 | 432624105.51 |
|  5   | 7  |     4     |  0.04 |  0.00 |  0.01  |  306.93 |  21132   | 21287 | 20304 | 20832.53 | 185.85 | 528.53 | 20833.64 | 434040710.33 |
|  5   | 8  |     4     |  0.04 |  0.00 |  0.01  |  267.42 |  21132   | 21301 | 20360 | 20873.28 | 161.82 | 513.28 | 20874.15 | 435730014.61 |
|  5   | 9  |     4     |  0.03 |  0.00 |  0.01  |  223.40 |  21132   | 21299 | 20476 | 20919.57 | 144.95 | 443.57 | 20920.27 | 437657799.78 |
|  5   | 10 |     4     |  0.03 |  0.00 |  0.01  |  217.80 |  21132   | 21335 | 20497 | 20925.38 | 134.59 | 428.38 | 20925.99 | 437896891.00 |
|  5   | 11 |     4     |  0.03 |  0.00 |  0.01  |  197.05 |  21132   | 21339 | 20582 | 20950.03 | 130.33 | 388.97 | 20950.60 | 438927502.60 |
|  5   | 12 |     4     |  0.03 |  0.00 |  0.01  |  191.06 |  21132   | 21365 | 20548 | 20952.97 | 116.47 | 412.03 | 20953.45 | 439047128.81 |
+------+----+-----------+-------+-------+--------+---------+----------+-------+-------+----------+--------+--------+----------+--------------+

Analysis by inserted (book = "Maias.txt")
+------+----+-----------+-------+-------+--------+---------+----------+-------+-------+----------+--------+--------+----------+--------------+
| Size | k  | Optimal k | MaxRE | MinRE | MeanRE |  MeanAE | ExpValue | MaxCV | MinCV |  MeanCV  | MeanAD |   MD   |    SD    |   Variance   |
+------+----+-----------+-------+-------+--------+---------+----------+-------+-------+----------+--------+--------+----------+--------------+
|  7   | 1  |     5     |  0.16 |  0.09 |  0.13  | 2687.98 |  21132   | 19194 | 17760 | 18444.02 | 715.48 | 749.98 | 18457.92 | 340694801.17 |
|  7   | 2  |     5     |  0.06 |  0.03 |  0.04  |  855.71 |  21132   | 20575 | 19901 | 20276.29 | 182.92 | 375.29 | 20277.44 | 411174400.71 |
|  7   | 3  |     5     |  0.03 |  0.01 |  0.02  |  378.54 |  21132   | 20884 | 20520 | 20753.46 | 64.21  | 233.46 | 20753.62 | 430712860.59 |
|  7   | 4  |     5     |  0.02 |  0.01 |  0.01  |  238.95 |  21132   | 20984 | 20763 | 20893.05 | 31.35  | 130.05 | 20893.08 | 436520975.16 |
|  7   | 5  |     5     |  0.01 |  0.01 |  0.01  |  186.93 |  21132   | 21007 | 20871 | 20945.07 | 18.97  | 74.07  | 20945.09 | 438696668.52 |
|  7   | 6  |     5     |  0.01 |  0.01 |  0.01  |  170.18 |  21132   | 21021 | 20902 | 20961.82 | 14.40  | 59.82  | 20961.83 | 439398218.15 |
|  7   | 7  |     5     |  0.01 |  0.01 |  0.01  |  170.04 |  21132   | 21006 | 20911 | 20961.96 | 12.80  | 50.96  | 20961.97 | 439404022.39 |
|  7   | 8  |     5     |  0.01 |  0.01 |  0.01  |  182.67 |  21132   | 21001 | 20893 | 20949.33 | 12.12  | 56.33  | 20949.33 | 438874575.65 |
|  7   | 9  |     5     |  0.01 |  0.01 |  0.01  |  202.93 |  21132   | 20977 | 20884 | 20929.07 | 11.56  | 47.93  | 20929.07 | 438026053.73 |
|  7   | 10 |     5     |  0.01 |  0.01 |  0.01  |  232.31 |  21132   | 20948 | 20847 | 20899.69 | 11.99  | 52.69  | 20899.69 | 436797107.52 |
|  7   | 11 |     5     |  0.02 |  0.01 |  0.01  |  270.79 |  21132   | 20905 | 20811 | 20861.21 | 12.43  | 50.21  | 20861.22 | 435190415.47 |
|  7   | 12 |     5     |  0.02 |  0.01 |  0.02  |  318.76 |  21132   | 20871 | 20758 | 20813.24 | 14.27  | 57.76  | 20813.25 | 433191314.47 |
+------+----+-----------+-------+-------+--------+---------+----------+-------+-------+----------+--------+--------+----------+--------------+

Analysis by statistical approximation (book = "Maias.txt")
+------+----+-----------+-------+-------+--------+---------+----------+-------+-------+----------+--------+---------+----------+--------------+
| Size | k  | Optimal k | MaxRE | MinRE | MeanRE |  MeanAE | ExpValue | MaxCV | MinCV |  MeanCV  | MeanAD |    MD   |    SD    |   Variance   |
+------+----+-----------+-------+-------+--------+---------+----------+-------+-------+----------+--------+---------+----------+--------------+
|  7   | 1  |     5     |  0.10 |  0.03 |  0.07  | 1430.20 |  21132   | 20559 | 18920 | 19701.80 | 817.77 |  857.20 | 19718.80 | 388831200.64 |
|  7   | 2  |     5     |  0.11 |  0.02 |  0.06  | 1280.79 |  21132   | 20798 | 18900 | 19851.21 | 415.75 |  951.21 | 19858.77 | 394370885.03 |
|  7   | 3  |     5     |  0.09 |  0.00 |  0.04  |  902.32 |  21132   | 21150 | 19130 | 20230.18 | 367.83 | 1100.18 | 20235.82 | 409488526.24 |
|  7   | 4  |     5     |  0.08 |  0.00 |  0.03  |  701.65 |  21132   | 21203 | 19381 | 20432.14 | 305.93 | 1051.14 | 20435.94 | 417627733.44 |
|  7   | 5  |     5     |  0.07 |  0.00 |  0.03  |  536.68 |  21132   | 21212 | 19726 | 20597.30 | 243.99 |  871.30 | 20599.67 | 424346435.90 |
|  7   | 6  |     5     |  0.05 |  0.00 |  0.02  |  438.14 |  21132   | 21237 | 20016 | 20697.12 | 211.06 |  681.12 | 20698.85 | 428442461.57 |
|  7   | 7  |     5     |  0.05 |  0.00 |  0.02  |  391.97 |  21132   | 21243 | 20164 | 20742.89 | 187.05 |  578.89 | 20744.25 | 430324097.15 |
|  7   | 8  |     5     |  0.04 |  0.00 |  0.02  |  350.02 |  21132   | 21227 | 20241 | 20784.15 | 165.07 |  543.15 | 20785.19 | 432024085.55 |
|  7   | 9  |     5     |  0.04 |  0.00 |  0.01  |  299.84 |  21132   | 21239 | 20365 | 20835.83 | 150.01 |  470.83 | 20836.68 | 434167042.73 |
|  7   | 10 |     5     |  0.03 |  0.00 |  0.01  |  285.27 |  21132   | 21277 | 20419 | 20849.97 | 142.40 |  430.97 | 20850.71 | 434752264.64 |
|  7   | 11 |     5     |  0.03 |  0.00 |  0.01  |  266.05 |  21132   | 21225 | 20433 | 20868.89 | 127.10 |  435.89 | 20869.49 | 435535753.18 |
|  7   | 12 |     5     |  0.03 |  0.00 |  0.01  |  230.40 |  21132   | 21220 | 20534 | 20905.19 | 121.66 |  371.19 | 20905.72 | 437049275.30 |
+------+----+-----------+-------+-------+--------+---------+----------+-------+-------+----------+--------+---------+----------+--------------+

Analysis by inserted (book = "Maias.txt")
+------+----+-----------+-------+-------+--------+---------+----------+-------+-------+----------+--------+--------+----------+--------------+
| Size | k  | Optimal k | MaxRE | MinRE | MeanRE |  MeanAE | ExpValue | MaxCV | MinCV |  MeanCV  | MeanAD |   MD   |    SD    |   Variance   |
+------+----+-----------+-------+-------+--------+---------+----------+-------+-------+----------+--------+--------+----------+--------------+
|  8   | 1  |     6     |  0.16 |  0.09 |  0.13  | 2648.84 |  21132   | 19269 | 17691 | 18483.16 | 788.99 | 792.16 | 18499.99 | 342249566.76 |
|  8   | 2  |     6     |  0.04 |  0.02 |  0.03  |  615.17 |  21132   | 20705 | 20202 | 20516.83 | 149.48 | 314.83 | 20517.50 | 420967811.56 |
|  8   | 3  |     6     |  0.02 |  0.01 |  0.01  |  253.13 |  21132   | 20966 | 20760 | 20878.87 | 44.82  | 118.87 | 20878.93 | 435929862.40 |
|  8   | 4  |     6     |  0.01 |  0.00 |  0.01  |  148.01 |  21132   | 21035 | 20918 | 20983.99 | 20.21  | 65.99  | 20984.00 | 440328431.08 |
|  8   | 5  |     6     |  0.01 |  0.00 |  0.01  |  111.78 |  21132   | 21058 | 20957 | 21020.22 | 12.98  | 63.22  | 21020.23 | 441849985.09 |
|  8   | 6  |     6     |  0.01 |  0.00 |  0.00  |  95.61  |  21132   | 21069 | 20989 | 21036.39 |  9.87  | 47.39  | 21036.39 | 442529894.80 |
|  8   | 7  |     6     |  0.01 |  0.00 |  0.00  |  92.08  |  21132   | 21074 | 21007 | 21039.92 |  8.52  | 34.08  | 21039.93 | 442678471.81 |
|  8   | 8  |     6     |  0.01 |  0.00 |  0.00  |  94.60  |  21132   | 21066 | 21002 | 21037.40 |  8.09  | 35.40  | 21037.40 | 442572386.57 |
|  8   | 9  |     6     |  0.01 |  0.00 |  0.00  |  101.79 |  21132   | 21063 | 20999 | 21030.21 |  8.37  | 32.79  | 21030.21 | 442269672.07 |
|  8   | 10 |     6     |  0.01 |  0.00 |  0.01  |  114.12 |  21132   | 21047 | 20979 | 21017.88 |  8.84  | 38.88  | 21017.89 | 441751569.97 |
|  8   | 11 |     6     |  0.01 |  0.00 |  0.01  |  131.69 |  21132   | 21036 | 20965 | 21000.31 |  9.06  | 35.69  | 21000.32 | 441013318.06 |
|  8   | 12 |     6     |  0.01 |  0.01 |  0.01  |  153.00 |  21132   | 21012 | 20934 | 20978.99 |  9.78  | 44.99  | 20979.00 | 440118379.58 |
+------+----+-----------+-------+-------+--------+---------+----------+-------+-------+----------+--------+--------+----------+--------------+

Analysis by statistical approximation (book = "Maias.txt")
+------+----+-----------+-------+-------+--------+---------+----------+-------+-------+----------+--------+--------+----------+--------------+
| Size | k  | Optimal k | MaxRE | MinRE | MeanRE |  MeanAE | ExpValue | MaxCV | MinCV |  MeanCV  | MeanAD |   MD   |    SD    |   Variance   |
+------+----+-----------+-------+-------+--------+---------+----------+-------+-------+----------+--------+--------+----------+--------------+
|  8   | 1  |     6     |  0.12 |  0.03 |  0.07  | 1555.96 |  21132   | 20458 | 18687 | 19576.04 | 885.49 | 889.04 | 19596.06 | 384005518.09 |
|  8   | 2  |     6     |  0.08 |  0.01 |  0.04  |  870.88 |  21132   | 20897 | 19512 | 20261.12 | 513.15 | 749.12 | 20267.88 | 410787082.09 |
|  8   | 3  |     6     |  0.06 |  0.00 |  0.03  |  583.49 |  21132   | 21145 | 19927 | 20548.76 | 362.23 | 621.76 | 20552.25 | 422395183.93 |
|  8   | 4  |     6     |  0.05 |  0.00 |  0.02  |  451.90 |  21132   | 21184 | 20145 | 20680.62 | 280.26 | 535.62 | 20682.72 | 427774901.40 |
|  8   | 5  |     6     |  0.04 |  0.00 |  0.02  |  369.77 |  21132   | 21223 | 20207 | 20764.26 | 243.95 | 557.26 | 20765.91 | 431222976.41 |
|  8   | 6  |     6     |  0.04 |  0.00 |  0.01  |  296.34 |  21132   | 21210 | 20346 | 20837.61 | 203.47 | 491.61 | 20838.75 | 434253702.13 |
|  8   | 7  |     6     |  0.03 |  0.00 |  0.01  |  260.98 |  21132   | 21202 | 20483 | 20873.92 | 176.53 | 390.92 | 20874.80 | 435757323.26 |
|  8   | 8  |     6     |  0.03 |  0.00 |  0.01  |  236.57 |  21132   | 21228 | 20517 | 20898.32 | 157.83 | 381.32 | 20899.03 | 436769250.00 |
|  8   | 9  |     6     |  0.03 |  0.00 |  0.01  |  204.71 |  21132   | 21267 | 20586 | 20932.23 | 140.86 | 346.23 | 20932.80 | 438182205.73 |
|  8   | 10 |     6     |  0.03 |  0.00 |  0.01  |  188.94 |  21132   | 21248 | 20584 | 20947.18 | 124.91 | 363.18 | 20947.65 | 438803933.67 |
|  8   | 11 |     6     |  0.02 |  0.00 |  0.01  |  174.70 |  21132   | 21255 | 20635 | 20963.13 | 114.82 | 328.13 | 20963.53 | 439469471.96 |
|  8   | 12 |     6     |  0.02 |  0.00 |  0.01  |  163.02 |  21132   | 21233 | 20683 | 20976.56 | 108.28 | 293.56 | 20976.91 | 440030930.39 |
+------+----+-----------+-------+-------+--------+---------+----------+-------+-------+----------+--------+--------+----------+--------------+

Analysis by inserted (book = "Maias.txt")
+------+----+-----------+-------+-------+--------+---------+----------+-------+-------+----------+--------+--------+----------+--------------+
| Size | k  | Optimal k | MaxRE | MinRE | MeanRE |  MeanAE | ExpValue | MaxCV | MinCV |  MeanCV  | MeanAD |   MD   |    SD    |   Variance   |
+------+----+-----------+-------+-------+--------+---------+----------+-------+-------+----------+--------+--------+----------+--------------+
|  10  | 1  |     7     |  0.15 |  0.09 |  0.12  | 2549.41 |  21132   | 19185 | 17906 | 18582.59 | 637.35 | 676.59 | 18593.55 | 345720272.78 |
|  10  | 2  |     7     |  0.04 |  0.01 |  0.02  |  485.66 |  21132   | 20835 | 20390 | 20646.34 | 136.26 | 256.34 | 20646.91 | 426294699.47 |
|  10  | 3  |     7     |  0.01 |  0.00 |  0.01  |  165.92 |  21132   | 21036 | 20846 | 20966.08 | 38.02  | 120.08 | 20966.13 | 439578430.44 |
|  10  | 4  |     7     |  0.01 |  0.00 |  0.00  |  79.26  |  21132   | 21089 | 20990 | 21052.74 | 14.80  | 62.74  | 21052.75 | 443218096.19 |
|  10  | 5  |     7     |  0.00 |  0.00 |  0.00  |  50.40  |  21132   | 21108 | 21049 | 21081.60 |  8.08  | 32.60  | 21081.61 | 444434171.42 |
|  10  | 6  |     7     |  0.00 |  0.00 |  0.00  |  37.95  |  21132   | 21115 | 21069 | 21094.05 |  5.84  | 25.05  | 21094.05 | 444959083.62 |
|  10  | 7  |     7     |  0.00 |  0.00 |  0.00  |  32.70  |  21132   | 21117 | 21076 | 21099.30 |  5.14  | 23.30  | 21099.30 | 445180334.16 |
|  10  | 8  |     7     |  0.00 |  0.00 |  0.00  |  30.59  |  21132   | 21120 | 21083 | 21101.41 |  4.74  | 18.59  | 21101.41 | 445269370.07 |
|  10  | 9  |     7     |  0.00 |  0.00 |  0.00  |  29.76  |  21132   | 21117 | 21084 | 21102.24 |  4.63  | 18.24  | 21102.24 | 445304649.94 |
|  10  | 10 |     7     |  0.00 |  0.00 |  0.00  |  31.81  |  21132   | 21116 | 21082 | 21100.19 |  4.51  | 18.19  | 21100.19 | 445218134.07 |
|  10  | 11 |     7     |  0.00 |  0.00 |  0.00  |  34.37  |  21132   | 21118 | 21078 | 21097.63 |  4.62  | 20.37  | 21097.63 | 445110109.73 |
|  10  | 12 |     7     |  0.00 |  0.00 |  0.00  |  38.46  |  21132   | 21114 | 21070 | 21093.54 |  4.91  | 23.54  | 21093.54 | 444937298.02 |
+------+----+-----------+-------+-------+--------+---------+----------+-------+-------+----------+--------+--------+----------+--------------+

Analysis by statistical approximation (book = "Maias.txt")
+------+----+-----------+-------+-------+--------+---------+----------+-------+-------+----------+--------+--------+----------+--------------+
| Size | k  | Optimal k | MaxRE | MinRE | MeanRE |  MeanAE | ExpValue | MaxCV | MinCV |  MeanCV  | MeanAD |   MD   |    SD    |   Variance   |
+------+----+-----------+-------+-------+--------+---------+----------+-------+-------+----------+--------+--------+----------+--------------+
|  10  | 1  |     7     |  0.11 |  0.05 |  0.08  | 1680.34 |  21132   | 20112 | 18710 | 19451.66 | 698.64 | 741.66 | 19464.24 | 378856746.88 |
|  10  | 2  |     7     |  0.08 |  0.01 |  0.04  |  938.60 |  21132   | 20936 | 19514 | 20193.40 | 471.28 | 742.60 | 20199.67 | 408026530.00 |
|  10  | 3  |     7     |  0.06 |  0.00 |  0.03  |  660.88 |  21132   | 21109 | 19807 | 20471.12 | 351.33 | 664.12 | 20474.69 | 419213037.48 |
|  10  | 4  |     7     |  0.05 |  0.00 |  0.02  |  489.78 |  21132   | 21173 | 20090 | 20642.95 | 281.87 | 552.95 | 20645.21 | 426224541.31 |
|  10  | 5  |     7     |  0.04 |  0.00 |  0.02  |  379.32 |  21132   | 21211 | 20271 | 20753.21 | 223.33 | 482.21 | 20754.66 | 430755976.58 |
|  10  | 6  |     7     |  0.04 |  0.00 |  0.02  |  325.85 |  21132   | 21224 | 20376 | 20807.64 | 186.32 | 431.64 | 20808.67 | 433000761.80 |
|  10  | 7  |     7     |  0.03 |  0.00 |  0.01  |  283.92 |  21132   | 21202 | 20426 | 20850.36 | 173.40 | 424.36 | 20851.26 | 434774997.48 |
|  10  | 8  |     7     |  0.03 |  0.00 |  0.01  |  257.26 |  21132   | 21221 | 20487 | 20877.64 | 153.61 | 390.64 | 20878.35 | 435905638.57 |
|  10  | 9  |     7     |  0.03 |  0.00 |  0.01  |  221.30 |  21132   | 21218 | 20543 | 20914.09 | 136.92 | 371.09 | 20914.67 | 437423443.93 |
|  10  | 10 |     7     |  0.02 |  0.00 |  0.01  |  192.00 |  21132   | 21188 | 20604 | 20943.71 | 121.66 | 339.71 | 20944.17 | 438658260.35 |
|  10  | 11 |     7     |  0.02 |  0.00 |  0.01  |  181.79 |  21132   | 21223 | 20624 | 20953.70 | 115.57 | 329.70 | 20954.12 | 439075276.13 |
|  10  | 12 |     7     |  0.02 |  0.00 |  0.01  |  175.94 |  21132   | 21208 | 20683 | 20958.82 | 106.65 | 275.82 | 20959.17 | 439286845.66 |
+------+----+-----------+-------+-------+--------+---------+----------+-------+-------+----------+--------+--------+----------+--------------+

Analysis by inserted (book = "Maias.txt")
+------+----+-----------+-------+-------+--------+---------+----------+-------+-------+----------+--------+--------+----------+--------------+
| Size | k  | Optimal k | MaxRE | MinRE | MeanRE |  MeanAE | ExpValue | MaxCV | MinCV |  MeanCV  | MeanAD |   MD   |    SD    |   Variance   |
+------+----+-----------+-------+-------+--------+---------+----------+-------+-------+----------+--------+--------+----------+--------------+
|  12  | 1  |     9     |  0.15 |  0.07 |  0.11  | 2320.48 |  21132   | 19681 | 17862 | 18811.52 | 907.74 | 949.52 | 18833.45 | 354698798.27 |
|  12  | 2  |     9     |  0.03 |  0.01 |  0.02  |  389.48 |  21132   | 20929 | 20436 | 20742.52 | 130.18 | 306.52 | 20743.07 | 430274993.32 |
|  12  | 3  |     9     |  0.01 |  0.00 |  0.01  |  109.11 |  21132   | 21082 | 20929 | 21022.89 | 30.55  | 93.89  | 21022.92 | 441963227.13 |
|  12  | 4  |     9     |  0.00 |  0.00 |  0.00  |  45.77  |  21132   | 21112 | 21041 | 21086.22 | 11.04  | 45.22  | 21086.23 | 444629060.83 |
|  12  | 5  |     9     |  0.00 |  0.00 |  0.00  |  25.05  |  21132   | 21125 | 21083 | 21106.95 |  5.38  | 23.95  | 21106.95 | 445503383.45 |
|  12  | 6  |     9     |  0.00 |  0.00 |  0.00  |  16.94  |  21132   | 21125 | 21099 | 21115.06 |  3.66  | 16.06  | 21115.06 | 445845948.51 |
|  12  | 7  |     9     |  0.00 |  0.00 |  0.00  |  12.89  |  21132   | 21128 | 21103 | 21119.11 |  3.07  | 16.11  | 21119.11 | 446016991.24 |
|  12  | 8  |     9     |  0.00 |  0.00 |  0.00  |  10.88  |  21132   | 21132 | 21109 | 21121.12 |  2.89  | 12.12  | 21121.12 | 446101680.99 |
|  12  | 9  |     9     |  0.00 |  0.00 |  0.00  |  10.11  |  21132   | 21131 | 21109 | 21121.89 |  2.54  | 12.89  | 21121.89 | 446134416.65 |
|  12  | 10 |     9     |  0.00 |  0.00 |  0.00  |  10.05  |  21132   | 21130 | 21110 | 21121.94 |  2.53  | 11.94  | 21121.95 | 446136570.95 |
|  12  | 11 |     9     |  0.00 |  0.00 |  0.00  |  10.08  |  21132   | 21130 | 21112 | 21121.92 |  2.36  |  9.92  | 21121.92 | 446135598.07 |
|  12  | 12 |     9     |  0.00 |  0.00 |  0.00  |  10.76  |  21132   | 21130 | 21110 | 21121.24 |  2.60  | 11.24  | 21121.24 | 446106620.82 |
+------+----+-----------+-------+-------+--------+---------+----------+-------+-------+----------+--------+--------+----------+--------------+

Analysis by statistical approximation (book = "Maias.txt")
+------+----+-----------+-------+-------+--------+---------+----------+-------+-------+----------+--------+---------+----------+--------------+
| Size | k  | Optimal k | MaxRE | MinRE | MeanRE |  MeanAE | ExpValue | MaxCV | MinCV |  MeanCV  | MeanAD |    MD   |    SD    |   Variance   |
+------+----+-----------+-------+-------+--------+---------+----------+-------+-------+----------+--------+---------+----------+--------------+
|  12  | 1  |     9     |  0.12 |  0.03 |  0.07  | 1584.27 |  21132   | 20487 | 18522 | 19547.73 | 980.60 | 1025.73 | 19572.36 | 383077185.57 |
|  12  | 2  |     9     |  0.08 |  0.01 |  0.04  |  908.91 |  21132   | 20975 | 19338 | 20223.08 | 556.22 |  885.08 | 20231.21 | 409301801.11 |
|  12  | 3  |     9     |  0.06 |  0.00 |  0.03  |  620.14 |  21132   | 21122 | 19847 | 20511.85 | 381.20 |  664.85 | 20515.71 | 420894265.59 |
|  12  | 4  |     9     |  0.05 |  0.00 |  0.02  |  472.22 |  21132   | 21171 | 20136 | 20660.05 | 291.08 |  524.05 | 20662.30 | 426930742.61 |
|  12  | 5  |     9     |  0.04 |  0.00 |  0.02  |  383.08 |  21132   | 21186 | 20281 | 20749.74 | 241.12 |  468.74 | 20751.28 | 430615600.22 |
|  12  | 6  |     9     |  0.03 |  0.00 |  0.02  |  321.30 |  21132   | 21226 | 20413 | 20811.51 | 200.50 |  414.49 | 20812.59 | 433163811.69 |
|  12  | 7  |     9     |  0.03 |  0.00 |  0.01  |  273.11 |  21132   | 21183 | 20503 | 20860.09 | 176.71 |  357.09 | 20860.93 | 435178234.56 |
|  12  | 8  |     9     |  0.03 |  0.00 |  0.01  |  232.06 |  21132   | 21194 | 20592 | 20902.03 | 153.70 |  310.03 | 20902.68 | 436922181.39 |
|  12  | 9  |     9     |  0.03 |  0.00 |  0.01  |  214.48 |  21132   | 21224 | 20588 | 20919.49 | 140.97 |  331.49 | 20920.05 | 437648385.98 |
|  12  | 10 |     9     |  0.03 |  0.00 |  0.01  |  196.32 |  21132   | 21207 | 20603 | 20937.40 | 125.83 |  334.40 | 20937.85 | 438393635.64 |
|  12  | 11 |     9     |  0.02 |  0.00 |  0.01  |  169.45 |  21132   | 21204 | 20654 | 20964.85 | 115.21 |  310.85 | 20965.22 | 439540560.99 |
|  12  | 12 |     9     |  0.02 |  0.00 |  0.01  |  157.85 |  21132   | 21199 | 20713 | 20977.24 | 105.06 |  264.24 | 20977.56 | 440057862.87 |
+------+----+-----------+-------+-------+--------+---------+----------+-------+-------+----------+--------+---------+----------+--------------+

Analysis by inserted (book = "Maias.txt")
+------+----+-----------+-------+-------+--------+---------+----------+-------+-------+----------+--------+--------+----------+--------------+
| Size | k  | Optimal k | MaxRE | MinRE | MeanRE |  MeanAE | ExpValue | MaxCV | MinCV |  MeanCV  | MeanAD |   MD   |    SD    |   Variance   |
+------+----+-----------+-------+-------+--------+---------+----------+-------+-------+----------+--------+--------+----------+--------------+
|  15  | 1  |     11    |  0.15 |  0.07 |  0.11  | 2228.73 |  21132   | 19683 | 18038 | 18903.27 | 820.28 | 865.27 | 18921.11 | 358008293.67 |
|  15  | 2  |     11    |  0.03 |  0.01 |  0.02  |  320.00 |  21132   | 20999 | 20576 | 20812.00 | 124.63 | 236.00 | 20812.49 | 433159902.97 |
|  15  | 3  |     11    |  0.01 |  0.00 |  0.00  |  75.12  |  21132   | 21107 | 20972 | 21056.88 | 25.04  | 84.88  | 21056.90 | 443392918.85 |
|  15  | 4  |     11    |  0.00 |  0.00 |  0.00  |  23.92  |  21132   | 21126 | 21076 | 21108.08 |  7.48  | 32.08  | 21108.08 | 445551043.16 |
|  15  | 5  |     11    |  0.00 |  0.00 |  0.00  |  10.91  |  21132   | 21131 | 21107 | 21121.09 |  3.29  | 14.09  | 21121.09 | 446100628.81 |
|  15  | 6  |     11    |  0.00 |  0.00 |  0.00  |   6.12  |  21132   | 21132 | 21115 | 21125.88 |  2.23  | 10.88  | 21125.88 | 446302897.95 |
|  15  | 7  |     11    |  0.00 |  0.00 |  0.00  |   4.20  |  21132   | 21132 | 21118 | 21127.80 |  1.75  |  9.80  | 21127.80 | 446383853.19 |
|  15  | 8  |     11    |  0.00 |  0.00 |  0.00  |   3.18  |  21132   | 21132 | 21122 | 21128.82 |  1.43  |  6.82  | 21128.82 | 446427164.69 |
|  15  | 9  |     11    |  0.00 |  0.00 |  0.00  |   2.49  |  21132   | 21132 | 21124 | 21129.51 |  1.28  |  5.51  | 21129.51 | 446456153.04 |
|  15  | 10 |     11    |  0.00 |  0.00 |  0.00  |   2.11  |  21132   | 21132 | 21123 | 21129.89 |  1.14  |  6.89  | 21129.89 | 446472422.63 |
|  15  | 11 |     11    |  0.00 |  0.00 |  0.00  |   2.06  |  21132   | 21132 | 21123 | 21129.94 |  1.14  |  6.94  | 21129.94 | 446474366.59 |
|  15  | 12 |     11    |  0.00 |  0.00 |  0.00  |   1.99  |  21132   | 21132 | 21125 | 21130.01 |  1.04  |  5.01  | 21130.01 | 446477239.91 |
+------+----+-----------+-------+-------+--------+---------+----------+-------+-------+----------+--------+--------+----------+--------------+

Analysis by statistical approximation (book = "Maias.txt")
+------+----+-----------+-------+-------+--------+---------+----------+-------+-------+----------+--------+--------+----------+--------------+
| Size | k  | Optimal k | MaxRE | MinRE | MeanRE |  MeanAE | ExpValue | MaxCV | MinCV |  MeanCV  | MeanAD |   MD   |    SD    |   Variance   |
+------+----+-----------+-------+-------+--------+---------+----------+-------+-------+----------+--------+--------+----------+--------------+
|  15  | 1  |     11    |  0.12 |  0.04 |  0.08  | 1640.03 |  21132   | 20321 | 18572 | 19491.97 | 872.14 | 919.97 | 19511.53 | 380699732.78 |
|  15  | 2  |     11    |  0.07 |  0.01 |  0.04  |  922.48 |  21132   | 20935 | 19590 | 20209.52 | 488.01 | 725.48 | 20215.95 | 408684624.00 |
|  15  | 3  |     11    |  0.07 |  0.00 |  0.03  |  671.82 |  21132   | 21102 | 19737 | 20460.18 | 365.09 | 723.18 | 20463.91 | 418771640.84 |
|  15  | 4  |     11    |  0.05 |  0.00 |  0.02  |  477.43 |  21132   | 21175 | 20001 | 20654.72 | 295.70 | 653.72 | 20657.14 | 426717382.11 |
|  15  | 5  |     11    |  0.04 |  0.00 |  0.02  |  389.43 |  21132   | 21180 | 20245 | 20743.15 | 234.05 | 498.15 | 20744.66 | 430341021.16 |
|  15  | 6  |     11    |  0.03 |  0.00 |  0.01  |  310.67 |  21132   | 21162 | 20398 | 20822.05 | 201.09 | 424.05 | 20823.18 | 433604654.59 |
|  15  | 7  |     11    |  0.03 |  0.00 |  0.01  |  277.66 |  21132   | 21196 | 20488 | 20855.44 | 174.72 | 367.44 | 20856.29 | 434984933.78 |
|  15  | 8  |     11    |  0.03 |  0.00 |  0.01  |  242.84 |  21132   | 21203 | 20553 | 20890.67 | 154.51 | 337.67 | 20891.34 | 436448022.51 |
|  15  | 9  |     11    |  0.02 |  0.00 |  0.01  |  216.72 |  21132   | 21175 | 20609 | 20916.88 | 136.63 | 307.88 | 20917.41 | 437538081.96 |
|  15  | 10 |     11    |  0.02 |  0.00 |  0.01  |  194.32 |  21132   | 21206 | 20652 | 20940.16 | 121.78 | 288.16 | 20940.59 | 438508354.14 |
|  15  | 11 |     11    |  0.02 |  0.00 |  0.01  |  168.41 |  21132   | 21209 | 20644 | 20966.24 | 112.02 | 322.24 | 20966.60 | 439598401.01 |
|  15  | 12 |     11    |  0.02 |  0.00 |  0.01  |  162.51 |  21132   | 21215 | 20714 | 20971.78 | 103.08 | 257.78 | 20972.09 | 439828502.27 |
+------+----+-----------+-------+-------+--------+---------+----------+-------+-------+----------+--------+--------+----------+--------------+
