Info. Table
+------------------------------------+-------------------+
|               Metric               | Used Abbreviation |
+------------------------------------+-------------------+
|           Size Bit Array           |        Size       |
|          Number Of Hashes          |         k         |
| Theorical Optimal Number Of Hashes |     Optimal k     |
|           Max Rel. Error           |       MaxRE       |
|           Min Rel. Error           |       MinRE       |
|          Mean Rel. Error           |       MeanRE      |
|          Mean Abs. Error           |       MeanAE      |
|           Expected Value           |      ExpValue     |
|         Max Counter Value          |       MaxCV       |
|         Min Counter Value          |       MinCV       |
|         Mean Counter Value         |       MeanCV      |
|        Mean Abs. Deviation         |       MeanAD      |
|         Maximal Deviation          |         MD        |
|         Standard Deviation         |         SD        |
|              Variance              |      Variance     |
+------------------------------------+-------------------+

Analysis by inserted (book = "Lusíadas.txt")
+------+----+-----------+-------+-------+--------+---------+----------+-------+-------+---------+--------+--------+---------+-------------+
| Size | k  | Optimal k | MaxRE | MinRE | MeanRE |  MeanAE | ExpValue | MaxCV | MinCV |  MeanCV | MeanAD |   MD   |    SD   |   Variance  |
+------+----+-----------+-------+-------+--------+---------+----------+-------+-------+---------+--------+--------+---------+-------------+
|  2   | 1  |     2     |  0.29 |  0.27 |  0.28  | 3051.44 |  10780   |  7818 |  7646 | 7728.56 | 85.86  | 89.44  | 7729.04 | 59738023.84 |
|  2   | 2  |     2     |  0.33 |  0.20 |  0.25  | 2745.69 |  10780   |  8571 |  7182 | 8034.31 | 299.42 | 852.31 | 8044.57 | 64715119.46 |
|  2   | 3  |     2     |  0.25 |  0.18 |  0.21  | 2228.19 |  10780   |  8849 |  8057 | 8551.81 | 138.02 | 494.81 | 8553.73 | 73166323.98 |
|  2   | 4  |     2     |  0.24 |  0.20 |  0.21  | 2311.93 |  10780   |  8622 |  8208 | 8468.07 | 60.34  | 260.07 | 8468.43 | 71714225.86 |
|  2   | 5  |     2     |  0.26 |  0.23 |  0.24  | 2590.00 |  10780   |  8293 |  8012 | 8190.00 | 33.17  | 178.00 | 8190.11 | 67077893.32 |
|  2   | 6  |     2     |  0.29 |  0.26 |  0.27  | 2960.23 |  10780   |  7931 |  7707 | 7819.77 | 31.70  | 112.77 | 7819.87 | 61150312.08 |
|  2   | 7  |     2     |  0.32 |  0.30 |  0.31  | 3364.63 |  10780   |  7545 |  7288 | 7415.37 | 38.01  | 129.63 | 7415.51 | 54989837.60 |
|  2   | 8  |     2     |  0.36 |  0.34 |  0.35  | 3773.39 |  10780   |  7148 |  6847 | 7006.60 | 41.83  | 159.60 | 7006.79 | 49095112.10 |
|  2   | 9  |     2     |  0.40 |  0.37 |  0.39  | 4167.37 |  10780   |  6762 |  6464 | 6612.63 | 44.65  | 149.37 | 6612.84 | 43729713.71 |
|  2   | 10 |     2     |  0.43 |  0.41 |  0.42  | 4540.32 |  10780   |  6374 |  6099 | 6239.68 | 42.49  | 140.68 | 6239.90 | 38936295.54 |
|  2   | 11 |     2     |  0.47 |  0.44 |  0.45  | 4884.44 |  10780   |  6067 |  5747 | 5895.56 | 40.39  | 171.44 | 5895.77 | 34760115.43 |
|  2   | 12 |     2     |  0.49 |  0.47 |  0.48  | 5198.25 |  10780   |  5715 |  5463 | 5581.75 | 38.52  | 133.25 | 5581.94 | 31158106.36 |
+------+----+-----------+-------+-------+--------+---------+----------+-------+-------+---------+--------+--------+---------+-------------+

Analysis by statistical approximation (book = "Lusíadas.txt")
+------+----+-----------+-------+-------+--------+---------+----------+-------+-------+----------+--------+---------+----------+--------------+
| Size | k  | Optimal k | MaxRE | MinRE | MeanRE |  MeanAE | ExpValue | MaxCV | MinCV |  MeanCV  | MeanAD |    MD   |    SD    |   Variance   |
+------+----+-----------+-------+-------+--------+---------+----------+-------+-------+----------+--------+---------+----------+--------------+
|  2   | 1  |     2     |  0.12 |  0.10 |  0.11  | 1209.36 |  10780   |  9710 |  9442 | 9570.64  | 133.79 |  139.36 | 9571.58  | 91615077.28  |
|  2   | 2  |     2     |  0.36 |  0.11 |  0.23  | 2477.13 |  10780   |  9590 |  6934 | 8302.87  | 712.29 | 1368.87 | 8343.78  | 69618661.21  |
|  2   | 3  |     2     |  0.28 |  0.03 |  0.15  | 1650.72 |  10780   | 10508 |  7788 | 9129.28  | 594.01 | 1378.72 | 9157.58  | 83861203.42  |
|  2   | 4  |     2     |  0.23 |  0.00 |  0.12  | 1245.43 |  10780   | 10817 |  8293 | 9534.86  | 486.33 | 1282.14 | 9553.03  | 91260290.41  |
|  2   | 5  |     2     |  0.19 |  0.00 |  0.09  |  975.61 |  10780   | 11093 |  8688 | 9805.78  | 420.55 | 1287.22 | 9818.98  | 96412364.83  |
|  2   | 6  |     2     |  0.18 |  0.00 |  0.08  |  821.08 |  10780   | 11103 |  8855 | 9962.68  | 378.37 | 1140.32 | 9973.21  | 99464956.53  |
|  2   | 7  |     2     |  0.15 |  0.00 |  0.07  |  713.57 |  10780   | 11021 |  9198 | 10070.49 | 329.81 |  950.51 | 10078.34 | 101572957.48 |
|  2   | 8  |     2     |  0.13 |  0.00 |  0.06  |  639.20 |  10780   | 11075 |  9351 | 10146.64 | 298.86 |  928.36 | 10153.03 | 103084115.28 |
|  2   | 9  |     2     |  0.13 |  0.00 |  0.05  |  568.61 |  10780   | 11129 |  9361 | 10219.88 | 274.32 |  909.12 | 10225.29 | 104556480.39 |
|  2   | 10 |     2     |  0.12 |  0.00 |  0.05  |  509.27 |  10780   | 11087 |  9533 | 10281.71 | 254.55 |  805.29 | 10286.36 | 105809158.81 |
|  2   | 11 |     2     |  0.12 |  0.00 |  0.04  |  477.57 |  10780   | 11203 |  9480 | 10326.28 | 259.21 |  876.72 | 10331.20 | 106733605.23 |
|  2   | 12 |     2     |  0.12 |  0.00 |  0.04  |  446.38 |  10780   | 11490 |  9467 | 10369.96 | 263.65 | 1120.04 | 10375.05 | 107641744.36 |
+------+----+-----------+-------+-------+--------+---------+----------+-------+-------+----------+--------+---------+----------+--------------+

Analysis by inserted (book = "Lusíadas.txt")
+------+----+-----------+-------+-------+--------+---------+----------+-------+-------+---------+--------+--------+---------+-------------+
| Size | k  | Optimal k | MaxRE | MinRE | MeanRE |  MeanAE | ExpValue | MaxCV | MinCV |  MeanCV | MeanAD |   MD   |    SD   |   Variance  |
+------+----+-----------+-------+-------+--------+---------+----------+-------+-------+---------+--------+--------+---------+-------------+
|  3   | 1  |     3     |  0.24 |  0.21 |  0.22  | 2408.22 |  10780   |  8510 |  8233 | 8371.78 | 138.50 | 138.78 | 8372.92 | 70105832.31 |
|  3   | 2  |     3     |  0.22 |  0.13 |  0.17  | 1834.37 |  10780   |  9395 |  8415 | 8945.63 | 269.18 | 530.63 | 8950.94 | 80119267.11 |
|  3   | 3  |     3     |  0.15 |  0.09 |  0.11  | 1226.76 |  10780   |  9849 |  9157 | 9553.24 | 131.40 | 396.24 | 9554.61 | 91290639.36 |
|  3   | 4  |     3     |  0.13 |  0.09 |  0.10  | 1124.04 |  10780   |  9851 |  9391 | 9655.96 | 71.30  | 264.96 | 9656.37 | 93245463.61 |
|  3   | 5  |     3     |  0.13 |  0.10 |  0.11  | 1186.04 |  10780   |  9728 |  9403 | 9593.96 | 45.62  | 190.96 | 9594.13 | 92047355.47 |
|  3   | 6  |     3     |  0.13 |  0.11 |  0.12  | 1335.55 |  10780   |  9548 |  9325 | 9444.45 | 29.73  | 119.45 | 9444.52 | 89199007.52 |
|  3   | 7  |     3     |  0.15 |  0.13 |  0.14  | 1540.63 |  10780   |  9363 |  9127 | 9239.37 | 24.89  | 123.63 | 9239.42 | 85366849.00 |
|  3   | 8  |     3     |  0.18 |  0.16 |  0.17  | 1782.68 |  10780   |  9104 |  8892 | 8997.32 | 24.51  | 106.68 | 8997.38 | 80952774.05 |
|  3   | 9  |     3     |  0.20 |  0.18 |  0.19  | 2051.70 |  10780   |  8845 |  8623 | 8728.30 | 27.66  | 116.70 | 8728.37 | 76184357.65 |
|  3   | 10 |     3     |  0.23 |  0.21 |  0.22  | 2339.56 |  10780   |  8547 |  8334 | 8440.44 | 30.07  | 106.56 | 8440.52 | 71242437.11 |
|  3   | 11 |     3     |  0.26 |  0.24 |  0.24  | 2635.49 |  10780   |  8245 |  8006 | 8144.51 | 33.30  | 138.51 | 8144.61 | 66334745.78 |
|  3   | 12 |     3     |  0.28 |  0.26 |  0.27  | 2933.65 |  10780   |  7966 |  7721 | 7846.35 | 32.37  | 125.35 | 7846.46 | 61566884.70 |
+------+----+-----------+-------+-------+--------+---------+----------+-------+-------+---------+--------+--------+---------+-------------+

Analysis by statistical approximation (book = "Lusíadas.txt")
+------+----+-----------+-------+-------+--------+---------+----------+-------+-------+----------+--------+---------+----------+--------------+
| Size | k  | Optimal k | MaxRE | MinRE | MeanRE |  MeanAE | ExpValue | MaxCV | MinCV |  MeanCV  | MeanAD |    MD   |    SD    |   Variance   |
+------+----+-----------+-------+-------+--------+---------+----------+-------+-------+----------+--------+---------+----------+--------------+
|  3   | 1  |     3     |  0.12 |  0.08 |  0.10  | 1091.13 |  10780   |  9875 |  9502 | 9688.87  | 186.50 |  186.87 | 9690.67  | 93909042.12  |
|  3   | 2  |     3     |  0.27 |  0.10 |  0.19  | 2047.20 |  10780   |  9676 |  7881 | 8732.80  | 574.74 |  943.20 | 8754.11  | 76634527.64  |
|  3   | 3  |     3     |  0.23 |  0.02 |  0.13  | 1362.49 |  10780   | 10594 |  8250 | 9417.51  | 503.30 | 1176.49 | 9435.42  | 89027093.68  |
|  3   | 4  |     3     |  0.20 |  0.00 |  0.10  | 1034.61 |  10780   | 10866 |  8645 | 9746.56  | 404.87 | 1119.44 | 9758.25  | 95223468.04  |
|  3   | 5  |     3     |  0.17 |  0.00 |  0.08  |  826.45 |  10780   | 10890 |  8983 | 9954.43  | 353.47 |  971.43 | 9963.01  | 99261601.73  |
|  3   | 6  |     3     |  0.14 |  0.00 |  0.06  |  700.58 |  10780   | 10913 |  9272 | 10080.75 | 294.00 |  832.25 | 10086.77 | 101742884.38 |
|  3   | 7  |     3     |  0.12 |  0.00 |  0.06  |  604.12 |  10780   | 10906 |  9481 | 10177.07 | 261.32 |  728.93 | 10181.70 | 103667050.23 |
|  3   | 8  |     3     |  0.11 |  0.00 |  0.05  |  510.98 |  10780   | 10942 |  9643 | 10271.55 | 237.80 |  670.45 | 10275.36 | 105583056.52 |
|  3   | 9  |     3     |  0.10 |  0.00 |  0.04  |  453.42 |  10780   | 10952 |  9693 | 10329.59 | 206.96 |  636.59 | 10332.54 | 106761464.71 |
|  3   | 10 |     3     |  0.09 |  0.00 |  0.04  |  413.90 |  10780   | 10955 |  9810 | 10368.91 | 187.62 |  586.09 | 10371.40 | 107565934.25 |
|  3   | 11 |     3     |  0.09 |  0.00 |  0.04  |  385.24 |  10780   | 10985 |  9833 | 10398.65 | 175.55 |  586.35 | 10400.81 | 108176782.50 |
|  3   | 12 |     3     |  0.08 |  0.00 |  0.03  |  359.32 |  10780   | 10975 |  9881 | 10425.76 | 171.86 |  549.24 | 10427.82 | 108739419.20 |
+------+----+-----------+-------+-------+--------+---------+----------+-------+-------+----------+--------+---------+----------+--------------+

Analysis by inserted (book = "Lusíadas.txt")
+------+----+-----------+-------+-------+--------+---------+----------+-------+-------+----------+--------+--------+----------+--------------+
| Size | k  | Optimal k | MaxRE | MinRE | MeanRE |  MeanAE | ExpValue | MaxCV | MinCV |  MeanCV  | MeanAD |   MD   |    SD    |   Variance   |
+------+----+-----------+-------+-------+--------+---------+----------+-------+-------+----------+--------+--------+----------+--------------+
|  5   | 1  |     4     |  0.18 |  0.17 |  0.17  | 1880.23 |  10780   |  8957 |  8839 | 8899.77  | 58.95  | 60.77  | 8899.97  | 79209383.92  |
|  5   | 2  |     4     |  0.12 |  0.07 |  0.10  | 1035.29 |  10780   |  9984 |  9443 | 9744.71  | 166.23 | 301.71 | 9746.50  | 94994170.93  |
|  5   | 3  |     4     |  0.07 |  0.03 |  0.05  |  492.07 |  10780   | 10443 | 10043 | 10287.93 | 78.76  | 244.93 | 10288.38 | 105850803.79 |
|  5   | 4  |     4     |  0.05 |  0.02 |  0.03  |  354.95 |  10780   | 10546 | 10234 | 10425.05 | 44.16  | 191.05 | 10425.19 | 108684493.39 |
|  5   | 5  |     4     |  0.04 |  0.02 |  0.03  |  316.06 |  10780   | 10540 | 10335 | 10463.94 | 27.93  | 128.94 | 10464.00 | 109495257.42 |
|  5   | 6  |     4     |  0.04 |  0.02 |  0.03  |  313.66 |  10780   | 10539 | 10387 | 10466.34 | 21.18  | 79.34  | 10466.37 | 109545004.42 |
|  5   | 7  |     4     |  0.04 |  0.03 |  0.03  |  341.74 |  10780   | 10504 | 10377 | 10438.26 | 17.00  | 65.74  | 10438.28 | 108957659.70 |
|  5   | 8  |     4     |  0.04 |  0.03 |  0.04  |  386.68 |  10780   | 10473 | 10309 | 10393.32 | 16.04  | 84.32  | 10393.34 | 108021569.35 |
|  5   | 9  |     4     |  0.05 |  0.04 |  0.04  |  446.60 |  10780   | 10389 | 10258 | 10333.40 | 16.10  | 75.40  | 10333.42 | 106779582.88 |
|  5   | 10 |     4     |  0.05 |  0.04 |  0.05  |  523.83 |  10780   | 10314 | 10188 | 10256.17 | 17.22  | 68.17  | 10256.19 | 105189525.63 |
|  5   | 11 |     4     |  0.06 |  0.05 |  0.06  |  613.74 |  10780   | 10234 | 10096 | 10166.26 | 17.10  | 70.26  | 10166.28 | 103353308.17 |
|  5   | 12 |     4     |  0.07 |  0.06 |  0.07  |  721.54 |  10780   | 10131 |  9983 | 10058.46 | 18.23  | 75.46  | 10058.49 | 101173127.88 |
+------+----+-----------+-------+-------+--------+---------+----------+-------+-------+----------+--------+--------+----------+--------------+

Analysis by statistical approximation (book = "Lusíadas.txt")
+------+----+-----------+-------+-------+--------+---------+----------+-------+-------+----------+--------+--------+----------+--------------+
| Size | k  | Optimal k | MaxRE | MinRE | MeanRE |  MeanAE | ExpValue | MaxCV | MinCV |  MeanCV  | MeanAD |   MD   |    SD    |   Variance   |
+------+----+-----------+-------+-------+--------+---------+----------+-------+-------+----------+--------+--------+----------+--------------+
|  5   | 1  |     4     |  0.10 |  0.09 |  0.10  | 1052.87 |  10780   |  9796 |  9654 | 9727.13  | 70.94  | 73.13  | 9727.39  | 94622094.50  |
|  5   | 2  |     4     |  0.19 |  0.10 |  0.15  | 1567.27 |  10780   |  9746 |  8697 | 9212.73  | 384.85 | 533.27 | 9221.29  | 85032132.24  |
|  5   | 3  |     4     |  0.16 |  0.03 |  0.09  | 1002.92 |  10780   | 10508 |  9022 | 9777.08  | 345.53 | 755.08 | 9785.11  | 95748361.13  |
|  5   | 4  |     4     |  0.15 |  0.00 |  0.07  |  782.36 |  10780   | 10822 |  9154 | 9997.83  | 303.98 | 843.83 | 10004.05 | 100081008.20 |
|  5   | 5  |     4     |  0.12 |  0.00 |  0.06  |  637.95 |  10780   | 10851 |  9439 | 10142.49 | 244.41 | 708.51 | 10146.55 | 102952495.26 |
|  5   | 6  |     4     |  0.10 |  0.00 |  0.05  |  511.76 |  10780   | 10868 |  9692 | 10269.25 | 217.80 | 598.75 | 10272.43 | 105522760.48 |
|  5   | 7  |     4     |  0.09 |  0.00 |  0.04  |  449.97 |  10780   | 10865 |  9788 | 10331.70 | 186.47 | 543.70 | 10334.08 | 106793118.61 |
|  5   | 8  |     4     |  0.08 |  0.00 |  0.04  |  394.57 |  10780   | 10867 |  9915 | 10387.29 | 167.02 | 479.71 | 10389.18 | 107935067.38 |
|  5   | 9  |     4     |  0.08 |  0.00 |  0.03  |  345.89 |  10780   | 10885 |  9960 | 10435.31 | 153.18 | 475.31 | 10436.89 | 108928659.86 |
|  5   | 10 |     4     |  0.07 |  0.00 |  0.03  |  318.09 |  10780   | 10862 | 10057 | 10462.92 | 134.50 | 405.92 | 10464.14 | 109498127.95 |
|  5   | 11 |     4     |  0.06 |  0.00 |  0.03  |  286.27 |  10780   | 10905 | 10125 | 10496.07 | 129.68 | 408.93 | 10497.23 | 110191901.83 |
|  5   | 12 |     4     |  0.06 |  0.00 |  0.03  |  273.58 |  10780   | 10894 | 10166 | 10508.46 | 119.29 | 385.54 | 10509.45 | 110448467.92 |
+------+----+-----------+-------+-------+--------+---------+----------+-------+-------+----------+--------+--------+----------+--------------+

Analysis by inserted (book = "Lusíadas.txt")
+------+----+-----------+-------+-------+--------+---------+----------+-------+-------+----------+--------+--------+----------+--------------+
| Size | k  | Optimal k | MaxRE | MinRE | MeanRE |  MeanAE | ExpValue | MaxCV | MinCV |  MeanCV  | MeanAD |   MD   |    SD    |   Variance   |
+------+----+-----------+-------+-------+--------+---------+----------+-------+-------+----------+--------+--------+----------+--------------+
|  7   | 1  |     5     |  0.14 |  0.12 |  0.13  | 1427.04 |  10780   |  9462 |  9227 | 9352.96  | 116.89 | 125.96 | 9353.69  | 87491595.44  |
|  7   | 2  |     5     |  0.09 |  0.04 |  0.06  |  657.10 |  10780   | 10343 |  9852 | 10122.91 | 157.35 | 270.91 | 10124.31 | 102501655.00 |
|  7   | 3  |     5     |  0.04 |  0.01 |  0.02  |  250.71 |  10780   | 10640 | 10354 | 10529.29 | 53.97  | 175.29 | 10529.50 | 110870275.98 |
|  7   | 4  |     5     |  0.02 |  0.01 |  0.01  |  143.45 |  10780   | 10696 | 10516 | 10636.55 | 25.02  | 120.55 | 10636.59 | 113137025.82 |
|  7   | 5  |     5     |  0.02 |  0.01 |  0.01  |  108.31 |  10780   | 10718 | 10599 | 10671.69 | 15.89  | 72.69  | 10671.70 | 113885258.76 |
|  7   | 6  |     5     |  0.01 |  0.01 |  0.01  |  94.53  |  10780   | 10718 | 10642 | 10685.47 | 11.08  | 43.47  | 10685.48 | 114179434.95 |
|  7   | 7  |     5     |  0.01 |  0.01 |  0.01  |  92.70  |  10780   | 10720 | 10645 | 10687.30 |  9.10  | 42.30  | 10687.30 | 114218448.52 |
|  7   | 8  |     5     |  0.01 |  0.01 |  0.01  |  97.17  |  10780   | 10714 | 10644 | 10682.83 |  8.26  | 38.83  | 10682.84 | 114122966.40 |
|  7   | 9  |     5     |  0.01 |  0.01 |  0.01  |  106.99 |  10780   | 10703 | 10635 | 10673.01 |  8.72  | 38.01  | 10673.02 | 113913347.61 |
|  7   | 10 |     5     |  0.01 |  0.01 |  0.01  |  120.71 |  10780   | 10693 | 10620 | 10659.29 |  9.04  | 39.29  | 10659.30 | 113620656.23 |
|  7   | 11 |     5     |  0.02 |  0.01 |  0.01  |  139.49 |  10780   | 10676 | 10584 | 10640.51 |  9.51  | 56.51  | 10640.52 | 113220616.41 |
|  7   | 12 |     5     |  0.02 |  0.01 |  0.02  |  163.89 |  10780   | 10655 | 10575 | 10616.11 |  9.66  | 41.11  | 10616.12 | 112702002.17 |
+------+----+-----------+-------+-------+--------+---------+----------+-------+-------+----------+--------+--------+----------+--------------+

Analysis by statistical approximation (book = "Lusíadas.txt")
+------+----+-----------+-------+-------+--------+---------+----------+-------+-------+----------+--------+--------+----------+--------------+
| Size | k  | Optimal k | MaxRE | MinRE | MeanRE |  MeanAE | ExpValue | MaxCV | MinCV |  MeanCV  | MeanAD |   MD   |    SD    |   Variance   |
+------+----+-----------+-------+-------+--------+---------+----------+-------+-------+----------+--------+--------+----------+--------------+
|  7   | 1  |     5     |  0.09 |  0.06 |  0.07  |  794.35 |  10780   | 10110 |  9842 | 9985.65  | 133.31 | 143.65 | 9986.54  | 99731028.90  |
|  7   | 2  |     5     |  0.17 |  0.07 |  0.12  | 1287.35 |  10780   | 10068 |  8997 | 9492.65  | 448.35 | 575.35 | 9503.57  | 90317907.55  |
|  7   | 3  |     5     |  0.15 |  0.02 |  0.08  |  872.92 |  10780   | 10579 |  9193 | 9907.08  | 341.43 | 714.08 | 9914.47  | 98296662.65  |
|  7   | 4  |     5     |  0.13 |  0.00 |  0.06  |  643.41 |  10780   | 10826 |  9421 | 10136.83 | 280.86 | 715.83 | 10141.80 | 102856017.21 |
|  7   | 5  |     5     |  0.10 |  0.00 |  0.05  |  515.10 |  10780   | 10829 |  9672 | 10265.25 | 234.06 | 593.25 | 10268.76 | 105447413.26 |
|  7   | 6  |     5     |  0.08 |  0.00 |  0.04  |  434.80 |  10780   | 10845 |  9867 | 10345.81 | 196.36 | 499.19 | 10348.29 | 107087195.08 |
|  7   | 7  |     5     |  0.07 |  0.00 |  0.03  |  368.30 |  10780   | 10859 |  9982 | 10412.45 | 173.50 | 446.55 | 10414.37 | 108459146.04 |
|  7   | 8  |     5     |  0.07 |  0.00 |  0.03  |  321.53 |  10780   | 10819 | 10016 | 10459.18 | 153.01 | 443.18 | 10460.69 | 109426126.99 |
|  7   | 9  |     5     |  0.06 |  0.00 |  0.03  |  296.65 |  10780   | 10858 | 10112 | 10484.68 | 139.61 | 373.32 | 10485.94 | 109954858.07 |
|  7   | 10 |     5     |  0.06 |  0.00 |  0.02  |  256.85 |  10780   | 10874 | 10187 | 10524.48 | 128.20 | 349.52 | 10525.55 | 110787165.97 |
|  7   | 11 |     5     |  0.05 |  0.00 |  0.02  |  237.49 |  10780   | 10873 | 10219 | 10543.54 | 117.68 | 329.46 | 10544.42 | 111184776.61 |
|  7   | 12 |     5     |  0.05 |  0.00 |  0.02  |  224.76 |  10780   | 10866 | 10251 | 10556.30 | 108.16 | 309.70 | 10557.05 | 111451239.20 |
+------+----+-----------+-------+-------+--------+---------+----------+-------+-------+----------+--------+--------+----------+--------------+

Analysis by inserted (book = "Lusíadas.txt")
+------+----+-----------+-------+-------+--------+---------+----------+-------+-------+----------+--------+--------+----------+--------------+
| Size | k  | Optimal k | MaxRE | MinRE | MeanRE |  MeanAE | ExpValue | MaxCV | MinCV |  MeanCV  | MeanAD |   MD   |    SD    |   Variance   |
+------+----+-----------+-------+-------+--------+---------+----------+-------+-------+----------+--------+--------+----------+--------------+
|  8   | 1  |     6     |  0.15 |  0.11 |  0.13  | 1406.06 |  10780   |  9568 |  9186 | 9373.94  | 190.95 | 194.06 | 9375.89  | 87907297.78  |
|  8   | 2  |     6     |  0.06 |  0.04 |  0.05  |  531.31 |  10780   | 10389 | 10106 | 10248.69 | 86.23  | 142.69 | 10249.13 | 105044699.56 |
|  8   | 3  |     6     |  0.03 |  0.01 |  0.02  |  181.09 |  10780   | 10685 | 10469 | 10598.91 | 37.48  | 129.91 | 10599.02 | 112339122.15 |
|  8   | 4  |     6     |  0.02 |  0.00 |  0.01  |  99.86  |  10780   | 10727 | 10590 | 10680.14 | 17.45  | 90.14  | 10680.16 | 114065882.72 |
|  8   | 5  |     6     |  0.01 |  0.00 |  0.01  |  68.26  |  10780   | 10745 | 10668 | 10711.74 | 10.11  | 43.74  | 10711.75 | 114741598.76 |
|  8   | 6  |     6     |  0.01 |  0.00 |  0.01  |  56.81  |  10780   | 10747 | 10691 | 10723.19 |  7.73  | 32.19  | 10723.20 | 114986982.47 |
|  8   | 7  |     6     |  0.01 |  0.00 |  0.00  |  52.42  |  10780   | 10752 | 10699 | 10727.58 |  6.75  | 28.58  | 10727.58 | 115080978.82 |
|  8   | 8  |     6     |  0.01 |  0.00 |  0.00  |  52.39  |  10780   | 10752 | 10704 | 10727.61 |  6.12  | 24.39  | 10727.61 | 115081610.72 |
|  8   | 9  |     6     |  0.01 |  0.00 |  0.01  |  55.48  |  10780   | 10753 | 10698 | 10724.52 |  6.25  | 28.48  | 10724.53 | 115015496.98 |
|  8   | 10 |     6     |  0.01 |  0.00 |  0.01  |  61.10  |  10780   | 10742 | 10695 | 10718.90 |  6.26  | 23.90  | 10718.90 | 114894813.16 |
|  8   | 11 |     6     |  0.01 |  0.00 |  0.01  |  69.71  |  10780   | 10735 | 10678 | 10710.29 |  6.70  | 32.29  | 10710.29 | 114710360.45 |
|  8   | 12 |     6     |  0.01 |  0.00 |  0.01  |  80.33  |  10780   | 10729 | 10668 | 10699.67 |  7.15  | 31.67  | 10699.68 | 114483083.40 |
+------+----+-----------+-------+-------+--------+---------+----------+-------+-------+----------+--------+--------+----------+--------------+

Analysis by statistical approximation (book = "Lusíadas.txt")
+------+----+-----------+-------+-------+--------+---------+----------+-------+-------+----------+--------+--------+----------+--------------+
| Size | k  | Optimal k | MaxRE | MinRE | MeanRE |  MeanAE | ExpValue | MaxCV | MinCV |  MeanCV  | MeanAD |   MD   |    SD    |   Variance   |
+------+----+-----------+-------+-------+--------+---------+----------+-------+-------+----------+--------+--------+----------+--------------+
|  8   | 1  |     6     |  0.10 |  0.06 |  0.08  |  855.93 |  10780   | 10142 |  9713 | 9924.07  | 214.45 | 217.93 | 9926.39  | 98533124.14  |
|  8   | 2  |     6     |  0.14 |  0.07 |  0.10  | 1095.52 |  10780   | 10015 |  9275 | 9684.48  | 244.22 | 409.48 | 9688.00  | 93857302.28  |
|  8   | 3  |     6     |  0.12 |  0.02 |  0.07  |  707.92 |  10780   | 10606 |  9508 | 10072.08 | 242.22 | 564.08 | 10076.04 | 101526580.43 |
|  8   | 4  |     6     |  0.10 |  0.00 |  0.05  |  560.14 |  10780   | 10788 |  9651 | 10219.88 | 211.62 | 568.88 | 10222.92 | 104508036.58 |
|  8   | 5  |     6     |  0.09 |  0.00 |  0.04  |  449.46 |  10780   | 10823 |  9836 | 10330.84 | 172.98 | 494.84 | 10332.92 | 106769307.22 |
|  8   | 6  |     6     |  0.08 |  0.00 |  0.04  |  381.36 |  10780   | 10844 |  9949 | 10398.94 | 154.58 | 449.94 | 10400.53 | 108171012.06 |
|  8   | 7  |     6     |  0.06 |  0.00 |  0.03  |  332.11 |  10780   | 10824 | 10086 | 10448.26 | 130.23 | 375.74 | 10449.44 | 109190787.90 |
|  8   | 8  |     6     |  0.06 |  0.00 |  0.03  |  287.10 |  10780   | 10837 | 10135 | 10493.27 | 116.34 | 358.27 | 10494.18 | 110127832.81 |
|  8   | 9  |     6     |  0.06 |  0.00 |  0.02  |  259.70 |  10780   | 10843 | 10177 | 10520.82 | 105.56 | 343.82 | 10521.59 | 110703916.62 |
|  8   | 10 |     6     |  0.05 |  0.00 |  0.02  |  231.43 |  10780   | 10835 | 10274 | 10549.06 | 93.96  | 285.94 | 10549.68 | 111295691.20 |
|  8   | 11 |     6     |  0.05 |  0.00 |  0.02  |  209.49 |  10780   | 10836 | 10272 | 10571.44 | 88.60  | 299.44 | 10571.99 | 111767005.43 |
|  8   | 12 |     6     |  0.04 |  0.00 |  0.02  |  199.70 |  10780   | 10830 | 10306 | 10581.33 | 86.49  | 275.33 | 10581.85 | 111975494.00 |
+------+----+-----------+-------+-------+--------+---------+----------+-------+-------+----------+--------+--------+----------+--------------+

Analysis by inserted (book = "Lusíadas.txt")
+------+----+-----------+-------+-------+--------+---------+----------+-------+-------+----------+--------+--------+----------+--------------+
| Size | k  | Optimal k | MaxRE | MinRE | MeanRE |  MeanAE | ExpValue | MaxCV | MinCV |  MeanCV  | MeanAD |   MD   |    SD    |   Variance   |
+------+----+-----------+-------+-------+--------+---------+----------+-------+-------+----------+--------+--------+----------+--------------+
|  10  | 1  |     7     |  0.14 |  0.11 |  0.13  | 1378.57 |  10780   |  9598 |  9225 | 9401.43  | 185.96 | 196.57 | 9403.27  | 88421548.07  |
|  10  | 2  |     7     |  0.05 |  0.03 |  0.04  |  433.80 |  10780   | 10455 | 10251 | 10346.20 | 55.42  | 108.80 | 10346.39 | 107047850.83 |
|  10  | 3  |     7     |  0.02 |  0.01 |  0.01  |  123.64 |  10780   | 10717 | 10560 | 10656.36 | 28.94  | 96.36  | 10656.42 | 113559350.30 |
|  10  | 4  |     7     |  0.01 |  0.00 |  0.00  |  53.45  |  10780   | 10757 | 10667 | 10726.55 | 11.82  | 59.55  | 10726.56 | 115059124.63 |
|  10  | 5  |     7     |  0.01 |  0.00 |  0.00  |  32.29  |  10780   | 10770 | 10720 | 10747.71 |  6.76  | 27.71  | 10747.71 | 115513319.67 |
|  10  | 6  |     7     |  0.00 |  0.00 |  0.00  |  22.94  |  10780   | 10771 | 10734 | 10757.06 |  4.65  | 23.06  | 10757.06 | 115714310.06 |
|  10  | 7  |     7     |  0.00 |  0.00 |  0.00  |  18.54  |  10780   | 10774 | 10738 | 10761.46 |  3.94  | 23.46  | 10761.46 | 115809067.09 |
|  10  | 8  |     7     |  0.00 |  0.00 |  0.00  |  17.31  |  10780   | 10774 | 10741 | 10762.69 |  3.54  | 21.69  | 10762.69 | 115835472.93 |
|  10  | 9  |     7     |  0.00 |  0.00 |  0.00  |  16.55  |  10780   | 10774 | 10749 | 10763.45 |  3.37  | 14.45  | 10763.45 | 115851894.98 |
|  10  | 10 |     7     |  0.00 |  0.00 |  0.00  |  17.00  |  10780   | 10774 | 10746 | 10763.00 |  3.44  | 17.00  | 10763.00 | 115842144.57 |
|  10  | 11 |     7     |  0.00 |  0.00 |  0.00  |  18.45  |  10780   | 10774 | 10745 | 10761.55 |  3.35  | 16.55  | 10761.55 | 115811019.05 |
|  10  | 12 |     7     |  0.00 |  0.00 |  0.00  |  20.59  |  10780   | 10771 | 10744 | 10759.41 |  3.61  | 15.41  | 10759.41 | 115764923.59 |
+------+----+-----------+-------+-------+--------+---------+----------+-------+-------+----------+--------+--------+----------+--------------+

Analysis by statistical approximation (book = "Lusíadas.txt")
+------+----+-----------+-------+-------+--------+---------+----------+-------+-------+----------+--------+--------+----------+--------------+
| Size | k  | Optimal k | MaxRE | MinRE | MeanRE |  MeanAE | ExpValue | MaxCV | MinCV |  MeanCV  | MeanAD |   MD   |    SD    |   Variance   |
+------+----+-----------+-------+-------+--------+---------+----------+-------+-------+----------+--------+--------+----------+--------------+
|  10  | 1  |     7     |  0.11 |  0.07 |  0.09  |  943.02 |  10780   | 10052 |  9644 | 9836.98  | 203.41 | 215.02 | 9839.09  | 96807748.86  |
|  10  | 2  |     7     |  0.13 |  0.07 |  0.10  | 1057.89 |  10780   | 10033 |  9405 | 9722.11  | 184.08 | 317.11 | 9724.19  | 94559899.49  |
|  10  | 3  |     7     |  0.12 |  0.02 |  0.07  |  701.63 |  10780   | 10525 |  9517 | 10078.37 | 211.87 | 561.37 | 10081.55 | 101637731.81 |
|  10  | 4  |     7     |  0.11 |  0.00 |  0.05  |  533.52 |  10780   | 10803 |  9636 | 10246.62 | 177.83 | 610.62 | 10248.90 | 105039867.07 |
|  10  | 5  |     7     |  0.09 |  0.00 |  0.04  |  432.21 |  10780   | 10811 |  9823 | 10347.96 | 154.80 | 524.96 | 10349.68 | 107115796.11 |
|  10  | 6  |     7     |  0.07 |  0.00 |  0.03  |  348.60 |  10780   | 10819 |  9984 | 10431.68 | 137.35 | 447.68 | 10433.00 | 108847465.92 |
|  10  | 7  |     7     |  0.06 |  0.00 |  0.03  |  304.30 |  10780   | 10818 | 10086 | 10476.00 | 113.83 | 390.00 | 10476.93 | 109765976.96 |
|  10  | 8  |     7     |  0.05 |  0.00 |  0.03  |  273.66 |  10780   | 10844 | 10189 | 10506.70 | 104.83 | 337.30 | 10507.48 | 110407169.34 |
|  10  | 9  |     7     |  0.05 |  0.00 |  0.02  |  237.66 |  10780   | 10844 | 10243 | 10542.96 | 95.78  | 301.04 | 10543.59 | 111167364.60 |
|  10  | 10 |     7     |  0.05 |  0.00 |  0.02  |  217.68 |  10780   | 10836 | 10278 | 10562.91 | 85.46  | 284.91 | 10563.42 | 111585918.16 |
|  10  | 11 |     7     |  0.04 |  0.00 |  0.02  |  190.65 |  10780   | 10833 | 10309 | 10590.20 | 79.89  | 281.20 | 10590.64 | 112161761.47 |
|  10  | 12 |     7     |  0.04 |  0.00 |  0.02  |  184.08 |  10780   | 10827 | 10333 | 10596.59 | 74.32  | 263.59 | 10596.97 | 112295875.36 |
+------+----+-----------+-------+-------+--------+---------+----------+-------+-------+----------+--------+--------+----------+--------------+

Analysis by inserted (book = "Lusíadas.txt")
+------+----+-----------+-------+-------+--------+---------+----------+-------+-------+----------+--------+--------+----------+--------------+
| Size | k  | Optimal k | MaxRE | MinRE | MeanRE |  MeanAE | ExpValue | MaxCV | MinCV |  MeanCV  | MeanAD |   MD   |    SD    |   Variance   |
+------+----+-----------+-------+-------+--------+---------+----------+-------+-------+----------+--------+--------+----------+--------------+
|  12  | 1  |     9     |  0.14 |  0.08 |  0.11  | 1199.50 |  10780   |  9917 |  9244 | 9580.50  | 336.50 | 336.50 | 9586.41  | 91899212.50  |
|  12  | 2  |     9     |  0.05 |  0.02 |  0.03  |  336.26 |  10780   | 10573 | 10281 | 10443.74 | 60.33  | 162.74 | 10444.05 | 109078275.13 |
|  12  | 3  |     9     |  0.02 |  0.00 |  0.01  |  83.92  |  10780   | 10743 | 10595 | 10696.08 | 22.94  | 101.08 | 10696.12 | 114407027.22 |
|  12  | 4  |     9     |  0.01 |  0.00 |  0.00  |  31.78  |  10780   | 10770 | 10707 | 10748.22 |  8.27  | 41.22  | 10748.22 | 115524338.82 |
|  12  | 5  |     9     |  0.00 |  0.00 |  0.00  |  16.35  |  10780   | 10777 | 10734 | 10763.65 |  4.38  | 29.65  | 10763.65 | 115856107.01 |
|  12  | 6  |     9     |  0.00 |  0.00 |  0.00  |  10.61  |  10780   | 10779 | 10756 | 10769.40 |  3.00  | 13.40  | 10769.40 | 115979882.72 |
|  12  | 7  |     9     |  0.00 |  0.00 |  0.00  |   7.75  |  10780   | 10779 | 10761 | 10772.25 |  2.38  | 11.25  | 10772.25 | 116041292.85 |
|  12  | 8  |     9     |  0.00 |  0.00 |  0.00  |   6.40  |  10780   | 10780 | 10764 | 10773.60 |  2.10  |  9.60  | 10773.60 | 116070420.68 |
|  12  | 9  |     9     |  0.00 |  0.00 |  0.00  |   5.79  |  10780   | 10780 | 10764 | 10774.21 |  2.00  | 10.21  | 10774.21 | 116083542.72 |
|  12  | 10 |     9     |  0.00 |  0.00 |  0.00  |   5.48  |  10780   | 10780 | 10765 | 10774.52 |  1.86  |  9.52  | 10774.52 | 116090222.13 |
|  12  | 11 |     9     |  0.00 |  0.00 |  0.00  |   5.53  |  10780   | 10780 | 10766 | 10774.47 |  1.91  |  8.47  | 10774.47 | 116089123.17 |
|  12  | 12 |     9     |  0.00 |  0.00 |  0.00  |   5.76  |  10780   | 10780 | 10765 | 10774.24 |  1.99  |  9.24  | 10774.24 | 116084275.26 |
+------+----+-----------+-------+-------+--------+---------+----------+-------+-------+----------+--------+--------+----------+--------------+

Analysis by statistical approximation (book = "Lusíadas.txt")
+------+----+-----------+-------+-------+--------+--------+----------+-------+-------+----------+--------+--------+----------+--------------+
| Size | k  | Optimal k | MaxRE | MinRE | MeanRE | MeanAE | ExpValue | MaxCV | MinCV |  MeanCV  | MeanAD |   MD   |    SD    |   Variance   |
+------+----+-----------+-------+-------+--------+--------+----------+-------+-------+----------+--------+--------+----------+--------------+
|  12  | 1  |     9     |  0.11 |  0.04 |  0.08  | 825.50 |  10780   | 10318 |  9591 | 9954.50  | 363.50 | 363.50 | 9961.13  | 99224202.50  |
|  12  | 2  |     9     |  0.13 |  0.05 |  0.09  | 936.19 |  10780   | 10205 |  9422 | 9843.81  | 162.37 | 421.81 | 9846.35  | 96950525.27  |
|  12  | 3  |     9     |  0.11 |  0.01 |  0.06  | 630.48 |  10780   | 10649 |  9563 | 10149.52 | 186.76 | 586.52 | 10152.36 | 103070397.24 |
|  12  | 4  |     9     |  0.09 |  0.00 |  0.04  | 468.11 |  10780   | 10766 |  9797 | 10311.89 | 162.98 | 514.89 | 10313.91 | 106376658.08 |
|  12  | 5  |     9     |  0.07 |  0.00 |  0.04  | 377.64 |  10780   | 10825 | 10007 | 10402.68 | 143.03 | 422.32 | 10404.19 | 108247091.41 |
|  12  | 6  |     9     |  0.06 |  0.00 |  0.03  | 321.92 |  10780   | 10816 | 10108 | 10458.25 | 122.45 | 357.75 | 10459.35 | 109397984.59 |
|  12  | 7  |     9     |  0.05 |  0.00 |  0.03  | 281.61 |  10780   | 10802 | 10197 | 10498.76 | 108.64 | 303.24 | 10499.61 | 110241852.17 |
|  12  | 8  |     9     |  0.05 |  0.00 |  0.02  | 240.38 |  10780   | 10821 | 10249 | 10540.08 | 94.51  | 291.08 | 10540.73 | 111107003.27 |
|  12  | 9  |     9     |  0.05 |  0.00 |  0.02  | 212.28 |  10780   | 10819 | 10290 | 10568.24 | 84.43  | 278.24 | 10568.74 | 111698361.76 |
|  12  | 10 |     9     |  0.04 |  0.00 |  0.02  | 190.17 |  10780   | 10820 | 10354 | 10590.44 | 78.17  | 236.44 | 10590.87 | 112166612.03 |
|  12  | 11 |     9     |  0.04 |  0.00 |  0.02  | 174.56 |  10780   | 10838 | 10367 | 10605.95 | 70.96  | 238.95 | 10606.32 | 112493948.14 |
|  12  | 12 |     9     |  0.03 |  0.00 |  0.02  | 164.77 |  10780   | 10835 | 10405 | 10615.91 | 65.42  | 219.09 | 10616.21 | 112703950.87 |
+------+----+-----------+-------+-------+--------+--------+----------+-------+-------+----------+--------+--------+----------+--------------+

Analysis by inserted (book = "Lusíadas.txt")
+------+----+-----------+-------+-------+--------+---------+----------+-------+-------+----------+--------+--------+----------+--------------+
| Size | k  | Optimal k | MaxRE | MinRE | MeanRE |  MeanAE | ExpValue | MaxCV | MinCV |  MeanCV  | MeanAD |   MD   |    SD    |   Variance   |
+------+----+-----------+-------+-------+--------+---------+----------+-------+-------+----------+--------+--------+----------+--------------+
|  15  | 1  |     11    |  0.13 |  0.08 |  0.11  | 1147.01 |  10780   |  9886 |  9405 | 9632.99  | 239.85 | 253.01 | 9635.99  | 92852257.25  |
|  15  | 2  |     11    |  0.03 |  0.02 |  0.02  |  259.14 |  10780   | 10604 | 10430 | 10520.86 | 41.50  | 90.86  | 10520.99 | 110691316.59 |
|  15  | 3  |     11    |  0.01 |  0.00 |  0.01  |  55.19  |  10780   | 10759 | 10666 | 10724.81 | 17.38  | 58.81  | 10724.83 | 115021968.92 |
|  15  | 4  |     11    |  0.00 |  0.00 |  0.00  |  16.89  |  10780   | 10776 | 10732 | 10763.11 |  5.53  | 31.11  | 10763.11 | 115844564.04 |
|  15  | 5  |     11    |  0.00 |  0.00 |  0.00  |   7.20  |  10780   | 10780 | 10760 | 10772.80 |  2.76  | 12.80  | 10772.80 | 116053296.44 |
|  15  | 6  |     11    |  0.00 |  0.00 |  0.00  |   3.80  |  10780   | 10780 | 10767 | 10776.20 |  1.67  |  9.20  | 10776.20 | 116126490.92 |
|  15  | 7  |     11    |  0.00 |  0.00 |  0.00  |   2.53  |  10780   | 10780 | 10768 | 10777.47 |  1.32  |  9.47  | 10777.47 | 116153905.49 |
|  15  | 8  |     11    |  0.00 |  0.00 |  0.00  |   1.84  |  10780   | 10780 | 10773 | 10778.16 |  1.04  |  5.16  | 10778.16 | 116168648.47 |
|  15  | 9  |     11    |  0.00 |  0.00 |  0.00  |   1.44  |  10780   | 10780 | 10772 | 10778.57 |  1.00  |  6.57  | 10778.57 | 116177465.01 |
|  15  | 10 |     11    |  0.00 |  0.00 |  0.00  |   1.15  |  10780   | 10780 | 10774 | 10778.85 |  0.84  |  4.85  | 10778.85 | 116183630.03 |
|  15  | 11 |     11    |  0.00 |  0.00 |  0.00  |   1.12  |  10780   | 10780 | 10775 | 10778.88 |  0.83  |  3.88  | 10778.88 | 116184212.06 |
|  15  | 12 |     11    |  0.00 |  0.00 |  0.00  |   1.03  |  10780   | 10780 | 10774 | 10778.97 |  0.74  |  4.97  | 10778.97 | 116186087.48 |
+------+----+-----------+-------+-------+--------+---------+----------+-------+-------+----------+--------+--------+----------+--------------+

Analysis by statistical approximation (book = "Lusíadas.txt")
+------+----+-----------+-------+-------+--------+--------+----------+-------+-------+----------+--------+--------+----------+--------------+
| Size | k  | Optimal k | MaxRE | MinRE | MeanRE | MeanAE | ExpValue | MaxCV | MinCV |  MeanCV  | MeanAD |   MD   |    SD    |   Variance   |
+------+----+-----------+-------+-------+--------+--------+----------+-------+-------+----------+--------+--------+----------+--------------+
|  15  | 1  |     11    |  0.10 |  0.05 |  0.08  | 847.79 |  10780   | 10201 |  9690 | 9932.21  | 254.81 | 268.79 | 9935.49  | 98713978.67  |
|  15  | 2  |     11    |  0.11 |  0.05 |  0.08  | 844.36 |  10780   | 10224 |  9616 | 9935.64  | 127.69 | 319.64 | 9937.27  | 98749262.62  |
|  15  | 3  |     11    |  0.09 |  0.01 |  0.05  | 574.36 |  10780   | 10619 |  9770 | 10205.64 | 174.34 | 435.64 | 10207.92 | 104201586.88 |
|  15  | 4  |     11    |  0.08 |  0.00 |  0.04  | 430.53 |  10780   | 10805 |  9871 | 10349.58 | 151.06 | 478.58 | 10351.30 | 107149488.99 |
|  15  | 5  |     11    |  0.07 |  0.00 |  0.03  | 340.37 |  10780   | 10805 | 10021 | 10439.84 | 131.98 | 418.84 | 10441.10 | 109016596.98 |
|  15  | 6  |     11    |  0.06 |  0.00 |  0.03  | 291.63 |  10780   | 10811 | 10154 | 10488.54 | 112.36 | 334.54 | 10489.44 | 110028425.51 |
|  15  | 7  |     11    |  0.05 |  0.00 |  0.02  | 253.76 |  10780   | 10800 | 10221 | 10526.41 | 96.12  | 305.41 | 10527.09 | 110819630.62 |
|  15  | 8  |     11    |  0.05 |  0.00 |  0.02  | 223.25 |  10780   | 10808 | 10267 | 10557.01 | 84.78  | 290.01 | 10557.53 | 111461469.82 |
|  15  | 9  |     11    |  0.04 |  0.00 |  0.02  | 203.37 |  10780   | 10806 | 10342 | 10576.78 | 79.69  | 234.78 | 10577.24 | 111877926.46 |
|  15  | 10 |     11    |  0.04 |  0.00 |  0.02  | 178.72 |  10780   | 10816 | 10374 | 10601.82 | 68.67  | 227.82 | 10602.16 | 112405900.46 |
|  15  | 11 |     11    |  0.03 |  0.00 |  0.02  | 165.43 |  10780   | 10804 | 10404 | 10614.82 | 65.94  | 210.82 | 10615.12 | 112680851.54 |
|  15  | 12 |     11    |  0.03 |  0.00 |  0.01  | 155.61 |  10780   | 10845 | 10415 | 10625.01 | 60.80  | 219.99 | 10625.28 | 112896520.10 |
+------+----+-----------+-------+-------+--------+--------+----------+-------+-------+----------+--------+--------+----------+--------------+
